12.6461
11.9177
12.3406
11.8135
10.5552
10.6586
10.764
10.764
9.75378
9.2949
9.33096
8.76573
9.34551
8.86218
8.86218
8.86218
9.30346
9.28813
10.0162
10.2993
9.60007
9.60007
9.60007
9.80509
10.1175
9.9093
9.82633
10.2533
10.2812
10.2812
10.0955
9.4683
9.36318
9.12553
9.23635
8.99867
8.99867
8.99145
8.99145
8.78847
8.51105
8.51105
8.51105
8.51105
8.14165
8.14165
8.7352
8.38112
8.48716
8.40822
8.40822
8.12999
8.11797
8.11797
9.00958
8.75337
9.09099
9.15227
9.15227
8.79561
8.48531
8.49929
8.04902
8.62503
8.56015
7.96653
7.934
8.15992
7.88626
7.88626
7.63937
7.40955
7.39723
7.39723
7.34198
7.53843
7.61671
7.63002
7.13069
7.13069
7.13069
7.13069
7.51298
7.51298
7.51298
7.79246
8.09121
8.06022
7.77808
8.28228
7.80738
8.23146
8.26692
8.28063
8.5447
8.87296
9.02316
9.20333
8.84094
8.68696
8.46525
8.5065
8.5065
8.5065
8.26069
8.03053
8.03053
7.45748
7.63161
7.46575
7.46575
7.46575
7.46575
7.74708
7.34246
7.37306
7.26969
7.15528
7.0732
7.0732
7.51554
6.96204
6.86275
6.62959
6.86275
7.14922
7.0058
7.14922
7.11862
7.11862
6.83299
6.83299
6.65149
6.4276
6.06382
6.06382
6.04142
6.04065
6.00728
6.00728
6.00728
6.13915
6.13915
5.8772
5.98217
5.8996
5.8996
5.8996
5.8996
5.8996
5.89187
5.89187
5.89187
5.89187
5.89187
6.13519
6.08608
6.13519
6.13519
6.13519
6.13519
6.41576
6.30856
6.59448
6.32201
6.32201
6.49531
6.0244
5.92883
5.92883
6.07492
6.34354
5.97433
6.14286
6.41889
6.29795
6.29795
6.39532
6.3668
6.39532
6.30447
6.12211
6.12211
6.30447
6.30447
6.12211
6.12211
6.14842
6.14842
6.30447
6.30447
6.35071
6.39673
6.30903
6.26394
6.26394
6.26394
6.82071
6.87351
6.87351
6.86508
6.72212
6.489
6.56928
6.56928
6.3567
6.52603
6.4142
6.3841
6.58107
6.65973
6.68812
6.61671
6.61671
6.64406
6.39751
6.5945
6.27553
6.4347
5.90913
6.15186
6.12045
6.12045
6.12045
6.05489
6.20023
6.20023
6.20023
6.02504
6.01121
6.19354
5.98212
6.33347
6.28267
6.15879
5.84776
6.26288
6.18634
6.00672
6.03065
6.03065
6.02634
6.12983
6.12983
6.12983
6.23305
6.23305
6.20487
6.2021
6.21869
6.23305
6.21869
6.23305
6.23305
6.23305
6.10225
6.06005
6.06707
6.09068
5.74708
5.91414
5.91414
5.91414
5.91414
5.91414
5.91136
6.12812
6.03818
6.04937
6.00102
5.95352
5.91414
5.95536
5.95536
5.95536
5.95536
5.95536
5.83804
5.83804
5.83804
6.2634
5.96699
6.07632
6.21704
6.20584
6.20584
6.12401
6.01148
6.01148
5.92626
5.92626
5.95802
5.93995
5.98258
5.96451
5.96451
5.96451
5.96451
5.96451
6.11946
6.02038
6.31668
6.21399
5.97665
5.97665
5.97665
5.85777
5.76588
5.85777
5.80213
5.88712
5.78986
5.78986
5.80295
5.97895
6.10131
6.20473
6.04354
6.0344
6.0344
6.01662
6.02258
5.46294
5.49118
5.49118
5.49118
5.49118
5.49118
5.77836
5.77836
5.77836
5.84609
5.95403
6.06675
5.81876
5.81876
5.63922
5.63922
6.14688
6.02927
6.02927
6.02927
6.02927
5.71111
5.86949
6.00983
6.00983
6.00983
6.00983
5.72397
5.72397
5.49793
5.49793
5.32753
5.5646
5.5019
5.37833
5.37833
5.20365
5.20365
5.20365
5.20365
5.35439
5.48365
5.68092
5.65735
5.48365
5.49338
5.49338
5.32462
5.32462
5.32462
5.32462
5.49338
5.45284
5.77987
5.77987
5.77987
5.72956
5.33533
5.33533
5.32584
5.45061
5.67079
5.68887
6.08199
6.08199
5.75004
6.01598
5.61204
5.61204
5.61204
5.57243
5.53598
5.53598
5.53598
5.53598
5.46208
5.33819
5.28693
5.24535
5.16305
5.16305
5.12147
5.03757
5.02757
5.02757
4.92621
5.12147
5.12147
5.12147
5.12147
5.12147
5.12147
5.12147
5.12147
5.12147
5.12147
5.12147
5.12147
5.12147
5.04488
5.24535
5.25994
5.12147
5.40406
5.40406
5.44774
5.12147
5.12147
5.16495
5.16495
5.49404
5.23476
5.23476
5.23476
5.23476
5.23476
5.1133
4.97942
5.1133
5.11922
5.00294
5.1133
5.11922
5.1133
5.46199
5.4679
5.4679
5.4679
5.44394
5.43797
5.43797
5.43799
5.43799
5.58345
5.48574
5.44393
5.5441
5.55627
5.78262
5.78262
5.601
5.65767
6.09696
6.78938
6.78938
6.13653
6.19163
6.29123
6.29123
5.93166
5.93166
5.9765
5.86693
6.13959
5.87169
5.87169
5.88685
5.88685
5.60322
5.52582
5.64328
5.76225
5.66999
5.66999
5.92408
6.03647
6.03647
6.24295
6.12255
5.89522
5.94583
5.94583
6.18611
6.18611
6.26668
6.65233
6.58526
6.58526
6.58526
6.56974
6.58695
6.58695
6.50638
6.28722
6.43579
6.43579
6.58695
6.44216
6.38836
6.42664
6.37179
6.35628
6.42664
6.41889
6.44216
6.35413
6.08236
6.08236
6.27873
5.93213
5.93213
6.19837
6.19837
6.05308
6.05308
6.05308
6.05308
6.05308
5.89822
6.05308
5.79337
5.62816
5.94768
5.99842
5.91343
5.87469
5.63094
5.63094
5.34446
5.34446
5.34446
5.34446
5.34446
5.34446
5.42554
5.28589
5.42554
5.42554
5.42554
5.44361
5.29355
5.45082
5.42503
5.31883
5.14728
5.31883
5.31883
5.23826
5.23826
5.31883
5.31883
5.67464
5.55242
5.55242
5.55242
5.55242
5.76947
5.8129
5.8129
5.98991
6.12751
5.75279
6.08005
5.65555
5.65555
5.92329
6.11737
6.14038
6.14038
7.29917
7.36781
7.07257
6.74174
6.81682
7.21499
7.26931
6.82776
6.82776
6.89936
7.33127
7.45113
7.53413
7.37797
7.53413
7.2791
7.18035
7.2791
7.2791
7.2791
7.2791
7.2791
7.2791
7.2791
7.53438
7.66642
7.95828
7.92854
7.97059
8.00871
7.78534
7.87753
7.87753
7.83635
7.76325
7.83635
7.83635
7.0976
6.8655
6.8655
7.42009
6.84441
7.53177
7.55343
7.78643
7.75034
7.75034
7.44056
7.44056
7.75034
8.05585
8.05585
8.19349
8.04562
8.04562
7.63041
7.63041
7.5585
7.52836
7.36138
7.52836
7.50947
7.51163
7.40977
7.25768
7.1448
7.42182
7.27257
7.27257
6.93342
6.93342
6.93342
6.93342
6.93342
6.77582
6.88228
6.93342
6.89121
6.85312
6.85312
7.10807
7.22657
6.82382
7.18501
7.50183
7.78388
7.69462
7.89551
7.65851
7.40882
7.64856
7.62316
7.62316
7.61486
7.77385
7.64097
7.07413
7.47682
7.41792
7.72284
7.72284
7.41792
7.41792
7.34594
7.19895
7.59298
7.84059
7.50874
7.3261
8.10627
8.31862
8.66286
8.66286
8.37242
8.63588
8.52926
8.23597
8.45386
8.45386
8.54155
8.32181
8.34185
8.52339
8.52339
7.94519
8.85828
8.75358
8.67634
9.00492
9.30793
8.24739
8.24739
8.40004
8.36975
8.58042
8.1896
7.92327
8.1896
7.98289
7.87679
7.96847
8.33365
8.65242
8.17127
8.40248
8.37302
8.40248
8.40248
8.43993
8.38757
8.25719
8.86396
8.24771
7.62761
7.68646
7.5733
7.68646
7.70912
7.59367
7.65027
7.65027
7.65027
7.65027
7.65027
7.74844
8.02699
8.02699
7.99784
7.76374
7.73652
7.5884
7.5884
7.5884
7.52585
7.37094
7.09198
7.41151
7.38438
7.38438
7.38438
7.26769
7.26769
7.26769
7.42019
7.46892
7.5334
7.46892
7.46892
7.65421
7.65379
7.65379
7.53152
7.25925
6.78013
7.11041
7.11041
7.07176
7.25456
7.25456
7.25456
7.27317
7.43619
7.04824
7.04824
7.04824
7.04824
7.04824
7.55055
7.31099
7.55055
7.46896
7.46896
7.6276
7.97266
7.97266
7.6862
7.65047
8.05456
8.06409
7.75589
7.19992
7.19992
7.55909
7.55909
7.55909
7.25649
7.27911
7.29475
7.29475
7.48384
7.45744
7.64464
7.40363
7.36217
7.36217
7.36217
7.36217
7.4859
7.63735
7.63735
7.56852
7.9147
7.68023
7.80635
7.68232
7.90476
7.90476
7.82948
7.80064
7.80064
7.77401
7.53836
7.53836
7.45726
7.11744
6.85501
7.14711
6.93425
7.14711
7.14412
6.93366
7.09815
7.09815
7.15733
7.15733
7.14412
7.15733
7.14412
7.16314
7.16314
7.14412
7.07866
7.07866
7.07866
7.07866
7.07866
7.07866
6.66324
7.07866
7.01286
6.58901
6.58901
6.58901
6.58901
6.96976
6.96976
6.96976
6.96976
6.97051
6.54066
6.64877
6.63353
7.28346
6.61075
6.46881
6.59572
6.46789
6.46789
6.88502
7.07748
7.0367
7.04023
7.45662
7.22139
7.4433
7.02676
6.88556
6.93729
6.9052
6.85131
6.85131
7.02568
7.23816
6.88813
6.99839
6.99839
6.8525
6.8525
6.8525
6.8525
6.8525
6.85211
6.85211
6.57113
6.51328
6.69345
6.27917
6.27917
6.27917
5.95361
5.80489
6.06913
5.95452
5.98239
6.1756
5.98239
5.96586
6.37707
6.12602
5.98419
5.79041
5.94073
5.83128
5.71035
6.328
6.328
6.26898
6.21125
6.26898
6.15223
6.10119
6.10119
6.10119
6.10119
6.1003
5.89614
5.92358
5.98681
5.9278
5.98681
6.10119
6.10119
6.10119
6.10119
6.10119
6.10119
6.10119
6.29516
6.3559
6.29516
6.27599
6.12841
6.07392
6.04743
6.04743
6.04743
6.04743
6.32127
6.30298
6.32127
6.38534
6.31318
6.73464
6.41575
6.44532
6.39416
6.60132
6.60132
6.4665
6.30881
6.21722
6.64512
7.01517
6.90175
6.65008
6.68657
6.68657
6.69195
6.45849
6.32923
6.15028
6.25041
6.25041
6.20993
6.21531
6.25499
6.15486
6.14061
6.18178
6.18178
6.16048
6.01623
6.21531
6.30603
6.39209
6.16227
6.21105
6.14301
6.15968
6.04557
5.92058
5.92058
6.03716
5.93198
5.93198
5.93198
5.88884
6.4324
6.62894
6.12856
6.24851
6.51187
6.51932
6.51932
6.74564
6.65041
6.65041
6.46494
6.54546
6.59718
6.43793
6.47683
6.47683
6.53722
6.5689
6.30642
6.3098
6.27065
6.3098
6.30519
7.25124
6.97318
6.97318
6.97318
7.21455
7.21455
7.04127
7.24102
7.24102
7.23064
7.08087
7.37439
7.24688
7.03673
7.08152
7.06363
6.98203
6.85206
6.93724
6.9358
6.88432
6.88432
6.86791
6.86791
6.74815
6.86791
6.62138
6.62138
6.62138
6.71521
6.67487
6.62813
6.67487
6.63331
6.43726
6.54218
6.45514
6.46191
6.46191
6.46088
6.26633
6.62395
6.62395
6.62395
6.75833
6.75837
7.09046
7.16918
7.35969
7.45791
7.25723
7.25723
7.87129
8.21592
7.55817
7.55817
7.35914
7.6641
7.6641
7.6641
7.6641
7.45485
7.45485
7.6641
7.64072
7.52848
7.52848
7.52848
7.52848
7.7058
7.061
6.92794
6.80992
6.92794
6.80731
6.70765
6.48437
6.77304
6.97282
7.68238
7.68238
7.6011
8.04609
8.19064
7.86664
7.94727
7.80807
7.80807
7.97038
8.27969
8.00994
7.55798
7.91337
8.00994
7.65621
7.64888
7.64888
8.11032
8.44152
7.15197
7.15197
7.61845
7.61845
7.62613
7.57389
7.57389
7.57389
7.57389
7.64754
7.76157
7.95737
7.56335
7.63351
7.68846
7.55552
7.64246
7.68115
7.48959
7.50223
7.48959
7.50223
8.11752
8.3828
8.18853
8.17114
7.40562
7.34333
7.34572
7.52418
7.73631
7.74669
7.326
7.34896
7.17958
7.22314
6.9429
7.17958
6.86638
7.0523
7.0523
6.88927
6.88927
6.88927
6.83983
6.88927
6.88927
6.88927
6.76662
7.05675
7.05675
6.88346
6.88346
7.0299
7.0299
7.01777
7.01777
7.01777
7.01777
7.29264
7.63293
7.29264
7.36108
7.65262
8.21622
7.90142
7.88733
7.79995
8.02643
7.90536
7.90536
7.90536
7.90536
7.78339
7.65561
7.67127
7.67127
7.67127
7.67127
7.80339
8.23689
7.83811
7.83811
7.83811
7.83811
7.83811
7.7633
7.41524
7.55392
7.67433
8.34727
7.59957
7.90645
7.90645
7.90645
7.90645
7.89679
7.88729
8.12387
7.73464
7.97343
7.57257
7.70909
7.70674
7.29688
7.29688
7.7328
7.68662
8.18226
7.99202
8.18226
7.93302
7.93302
7.75241
7.88884
7.75892
8.14933
8.49584
8.10305
8.0853
7.82094
8.0853
7.49326
7.49326
7.48786
7.48786
7.81854
7.81854
8.19975
8.19975
7.75909
7.38926
7.60625
7.39284
7.30586
7.60625
7.51823
7.51823
7.50337
6.99116
7.35341
7.34549
7.33997
7.33997
7.20883
6.98343
7.01106
7.05707
6.90337
6.90337
6.90337
6.90337
6.51829
6.51829
6.51829
6.48149
6.48149
6.38206
6.20082
6.20082
6.01314
6.0506
6.0506
6.0506
6.20141
6.20141
6.20141
6.1773
6.1773
6.1773
6.1773
6.22007
6.22007
6.22007
6.22007
6.1724
6.1724
6.1724
6.12414
6.03814
6.03814
6.1724
6.23354
6.03814
6.10966
6.10966
6.10966
5.97457
6.10966
6.10966
6.32064
6.32064
6.32064
6.21918
6.18626
6.02659
5.8519
5.81363
5.80487
5.81363
5.77168
5.87155
5.88743
5.57508
5.57508
5.66126
5.66126
5.66126
5.91074
5.66126
5.66126
5.66126
5.52583
5.52583
5.66126
5.52583
6.27465
6.21815
6.21815
6.03425
5.77756
6.23352
6.11178
6.39337
6.22951
6.38033
6.38033
6.55356
6.34288
6.75082
6.59451
6.33086
6.33086
6.27904
6.17848
6.18742
5.89256
6.19939
6.08188
6.18534
6.42284
6.20626
6.20626
5.62591
5.62591
5.96017
5.9395
5.9395
5.9395
5.6314
5.70112
5.74483
5.91094
5.91094
6.52344
6.02109
6.02109
6.02109
6.22124
6.25692
5.98959
5.98959
6.09108
6.09108
5.89748
6.19706
6.50567
6.73432
6.43634
6.33507
6.80415
6.80415
6.80415
6.77257
6.77257
6.48302
6.53283
6.6061
6.60089
6.60089
6.60089
6.60089
6.48807
6.48807
6.60089
6.60089
7.48246
7.35215
7.35215
7.24973
6.41125
6.87222
6.96643
6.7029
6.41125
6.41125
6.41125
6.34452
6.34452
6.95332
6.95332
6.95332
6.95332
6.95332
6.95332
6.95332
6.95332
6.95332
6.95332
6.95332
7.07292
7.01654
7.04172
6.95332
6.95332
6.53345
6.87894
6.79571
6.74248
6.74248
6.64823
6.73761
6.56019
6.52277
6.38773
6.47647
6.47647
6.41161
6.12718
6.12718
6.08857
6.12718
6.12161
6.37546
6.46241
6.5242
6.54932
6.60977
7.35005
7.15756
7.93177
7.63296
7.63296
7.11945
7.43064
7.23538
6.84799
6.5042
6.5042
6.5042
6.5042
6.5042
6.5042
6.39908
6.39908
6.39908
6.5042
6.93873
7.15251
7.06334
6.34602
6.81659
6.38861
6.36074
6.36074
6.36074
6.36074
6.36074
6.36074
6.36074
6.44664
6.26528
6.26528
6.53136
6.36009
6.39849
6.33823
5.89239
5.83072
6.04671
6.04671
6.06593
6.11665
6.10946
6.01235
6.08142
5.83
6.35265
5.83
5.83
6.51675
5.86578
5.86578
5.86578
6.41719
6.15591
5.84737
5.84737
6.12354
6.01573
6.20541
6.22305
6.76062
6.42777
6.34075
6.39672
6.36436
6.48151
6.48151
6.16114
6.16114
6.36476
6.36476
6.36476
6.13318
6.13318
6.13318
6.29565
6.10604
6.1103
6.12249
6.12249
6.09322
6.15881
6.15881
5.93419
5.93419
5.93419
6.0902
6.0902
6.08397
6.04163
5.97132
5.97132
5.92579
5.92579
5.92579
5.92579
5.92579
5.81941
5.81941
5.81941
5.93651
6.06467
6.06467
6.06467
6.15959
6.14728
5.83057
5.83057
5.83057
5.8912
5.8912
5.8912
5.8912
5.8912
6.45382
6.47101
6.60847
6.60847
6.76489
6.49153
6.70513
6.79619
6.71087
6.56623
6.6764
6.6764
6.6764
6.6764
6.66747
6.66747
6.85065
6.74611
6.61906
6.74489
6.72373
6.76379
6.8783
6.56122
6.67242
6.67242
6.42144
6.2604
5.97959
5.97959
6.52389
6.2137
6.30477
6.2137
6.32575
6.32575
6.32575
6.59289
6.62244
6.62244
6.5377
6.43327
6.43327
6.28117
6.28117
6.5447
6.5447
6.13628
6.13628
6.13628
6.33179
6.2116
5.84011
6.2116
6.2116
6.39718
6.47824
6.22975
6.46933
6.94818
7.09892
7.24728
7.04384
7.38813
7.39366
7.00274
7.00274
7.00274
7.20298
7.20298
7.09896
6.65396
6.93899
6.93899
6.84071
6.99996
7.03184
7.36081
7.36081
7.2798
7.16032
7.54723
7.57366
7.55348
7.57366
7.15202
7.26178
6.94154
6.94154
6.94154
6.94154
6.94154
6.94154
6.83239
6.84311
6.45515
6.45515
6.12401
6.13404
6.13404
6.25084
6.21263
6.17876
5.44941
5.72152
5.77115
5.99669
5.98684
6.15571
6.07192
6.32275
6.32275
6.32275
6.32275
6.32275
6.32275
6.32275
6.32275
6.32275
6.54016
6.41628
6.94385
7.29086
7.09114
7.1256
7.31182
7.1407
6.57467
6.57467
7.25384
7.0868
7.0868
7.4579
7.36106
7.21178
7.21178
7.16458
7.21178
7.20604
6.54137
6.54137
6.54137
6.54137
6.36844
6.43282
6.42635
6.2998
6.2998
6.2998
6.2998
6.13194
5.99892
5.9327
5.93732
6.20497
6.10214
6.09799
6.12041
6.10214
6.35073
6.47017
6.06193
6.28989
6.45177
6.52348
6.52348
6.52348
6.25554
6.543
6.0628
6.0628
6.41159
6.34008
6.42232
6.1779
6.1779
5.92422
5.92422
5.66472
5.86649
5.86649
5.86649
5.86649
5.83121
5.83121
5.83121
5.83121
5.83121
5.83121
5.83804
5.83804
5.83804
5.89651
5.84318
5.98672
5.69688
5.69688
5.69688
6.23736
6.23736
6.23736
6.19774
6.59457
6.36447
6.39132
7.13891
6.84785
6.84785
6.77288
6.4659
6.71314
6.10652
6.2304
6.75452
6.56891
6.45324
6.45324
6.45324
6.91655
6.35884
6.35884
6.59667
6.59667
7.09095
6.87392
6.73676
6.73676
6.41369
6.41369
6.41369
6.35823
6.41369
6.60687
6.57198
6.57198
6.59529
6.59529
6.59529
6.4857
6.4857
6.4857
6.47124
6.47124
6.58083
6.58083
6.5741
6.5786
6.60019
6.60019
6.50634
6.47495
6.49621
6.40236
6.41309
6.61824
6.17547
6.17547
6.26734
6.31591
6.45508
6.60647
6.54133
6.60647
6.68852
6.44175
6.44175
6.43043
6.42838
6.29156
6.44313
6.53654
6.52158
6.52759
6.42275
6.42275
6.36604
6.44019
6.44019
6.93473
6.5811
6.74052
6.74052
6.5022
6.5022
6.39587
6.39587
6.34408
6.24166
6.07812
6.11218
6.32739
6.39587
6.63812
6.31727
6.74656
6.87943
6.70587
7.01067
6.2004
6.63068
7.00555
7.00555
6.99799
6.92258
6.89906
6.45646
6.56007
6.56007
6.56007
6.53428
6.64017
6.84826
6.91695
6.83602
6.83602
7.54826
6.77271
7.39168
7.15
6.96551
7.12166
7.12166
7.11679
7.11679
7.32604
7.51818
7.52813
7.52813
7.52813
7.52813
7.23088
6.82537
6.86932
6.86932
6.77106
6.65311
6.1257
5.72514
5.79725
5.79725
6.06716
6.06716
6.56914
6.34312
6.36908
5.97235
5.97235
6.05684
6.28796
6.30149
6.30149
6.08188
6.09329
6.09329
6.0795
5.91853
5.94449
5.94449
6.33088
6.41183
5.9597
6.62035
6.39397
6.39405
6.36809
6.261
6.19651
5.99655
5.99655
5.99655
5.91257
5.91257
5.71057
5.71057
5.61294
5.74702
5.9793
5.64042
6.07318
6.07318
6.14291
6.44349
6.44937
6.44937
6.44937
6.44937
6.44937
6.06289
6.49725
6.21757
6.21757
6.21757
6.19161
6.19161
5.80143
5.80143
5.6976
5.6976
5.6976
5.6976
5.58716
5.58716
5.6976
5.42392
5.42392
5.42392
6.23022
6.13605
6.13605
6.13605
6.96634
6.90464
6.67324
6.52834
6.52834
6.67324
6.69481
6.45366
6.02046
5.88382
5.88382
5.99744
5.99744
6.40454
6.55476
6.32473
6.54614
6.63025
6.68185
6.70684
6.72814
6.91741
6.83335
6.6819
6.86555
6.70949
6.70949
6.85462
6.67438
6.84579
6.84579
6.68588
6.68588
6.68588
6.42483
6.42483
6.42483
6.42483
6.42483
6.42483
6.35882
6.67995
6.61908
6.17359
6.17359
6.36435
6.36435
6.0217
6.0217
6.0217
6.23753
6.34006
6.61223
7.08974
7.08974
7.08974
7.16868
7.14644
7.05968
7.20102
7.0845
7.0845
7.0845
6.86577
6.88283
6.52065
6.52065
6.52065
6.52065
6.4489
6.4489
7.12196
6.52732
6.52732
6.52732
6.52732
6.30575
6.52767
6.2925
6.67298
6.45556
6.45556
7.09227
6.84649
6.84649
6.6005
6.70445
6.58403
6.56794
6.55851
6.77134
6.53479
6.53479
5.92434
5.92434
5.92434
5.92434
5.92434
5.92434
5.92434
5.92434
5.92434
5.86267
5.92434
5.92434
5.92434
5.92434
6.00985
6.00985
6.38609
6.00985
5.98472
6.00985
6.29426
6.29426
6.29426
6.23305
6.29426
6.29426
6.27406
5.98021
5.95854
5.92987
5.97985
6.0043
6.0043
5.975
5.975
5.975
6.07968
5.79568
5.75424
5.9956
5.92651
5.94141
5.76075
5.7493
5.77071
5.55305
5.74402
5.5468
5.84497
5.84497
5.84497
5.84497
5.84497
5.77948
5.77948
5.77948
5.77948
5.77948
5.87212
5.8687
5.8687
5.84497
5.77031
5.85952
5.9801
5.85952
5.83579
5.85609
6.1281
5.89372
6.21116
6.16365
6.16365
5.80537
5.80537
5.77256
5.77256
6.32689
6.32689
6.32689
6.1895
6.1028
6.1028
6.08732
6.08732
6.1028
6.2754
5.94955
6.52971
6.15224
6.15224
6.2689
6.2689
6.18705
6.2689
6.2689
6.2689
6.2689
6.2689
5.92967
5.895
5.92967
5.70647
5.70647
5.81559
5.68876
5.68876
5.68876
6.04978
5.59678
5.55241
5.9223
6.2437
5.70878
5.78094
5.27151
5.64274
5.64274
5.63917
5.82594
5.81301
5.68259
5.36111
5.36111
5.36111
5.36111
5.36111
5.31919
5.36108
5.40702
5.40702
5.40702
5.16048
5.36709
5.05901
5.47567
5.16545
5.8082
6.23279
5.84266
5.84266
5.84266
5.84266
6.4984
7.08046
7.11793
6.78383
6.91743
6.91743
7.66235
7.42832
7.42832
6.75679
6.75679
7.25044
7.58868
7.48494
7.95615
8.3146
8.3146
8.29894
8.5331
8.5331
8.52787
8.06588
8.55283
8.33196
8.11223
8.5354
8.57008
8.94237
8.96095
8.58202
8.77002
8.77002
8.77002
8.68772
8.68608
8.68772
8.61393
8.61393
8.61393
8.61393
8.3705
8.3705
8.55058
8.57118
8.63751
8.56079
8.56079
7.86631
7.86631
7.86631
7.86631
7.86631
7.86631
7.86631
7.86631
8.17635
8.49259
8.14643
7.88465
7.61503
7.8922
7.8922
7.8922
7.8922
7.8922
7.8656
8.06283
8.30956
8.34701
8.69501
9.00172
9.00172
9.00172
8.82054
8.59879
8.59879
8.59009
8.54965
8.59376
8.64354
9.26477
9.33592
9.17355
9.39061
9.39061
8.95705
8.87803
8.86223
8.96882
9.20194
8.7926
8.61604
8.80274
8.8662
8.72466
8.56758
8.54371
8.38915
8.498
7.92511
7.96568
8.24783
8.37651
8.57289
8.19368
7.7764
7.52011
7.52011
7.53842
7.53686
7.3046
7.39993
7.3046
7.3046
7.3046
7.35092
7.35092
7.35092
7.30384
7.30384
7.31689
7.30384
7.08878
7.07573
7.07573
7.07573
7.43968
7.19862
7.11429
7.30405
7.14843
7.14843
7.39948
7.23117
7.13133
6.85757
6.72202
7.5927
7.51182
7.51182
6.71623
6.70574
6.81251
6.78733
7.5965
7.5965
8.14615
8.45938
8.06691
7.92689
7.98771
8.51781
8.3588
8.57034
8.44477
8.36478
8.82193
8.48682
8.48682
8.18751
7.86613
9.07249
8.55299
8.55299
8.98312
9.19313
8.48584
8.48584
7.72368
7.72368
7.72368
8.28313
7.88035
7.81219
7.74096
7.73725
7.74834
7.74834
7.74834
7.74834
8.09843
8.09843
7.96646
7.93647
8.0733
8.5075
8.6004
8.6004
8.46136
8.3914
8.48375
8.29916
8.29916
8.29916
8.73172
8.48763
8.48763
8.45598
8.5793
8.0767
8.0767
9.1448
8.36756
9.21824
8.63657
8.63657
8.63657
8.63657
8.63657
8.7805
8.65899
8.65327
8.77637
8.97753
8.97753
9.02556
9.26857
9.14939
9.40262
9.63758
8.95134
8.71548
9.0927
8.99092
8.71826
8.90859
8.52317
8.64607
8.36053
8.36053
8.54939
8.4734
8.33622
7.8016
7.6746
7.84383
7.69214
7.93934
7.27876
7.76858
7.5733
7.87135
7.95387
7.42368
7.42368
7.9225
7.42368
7.42368
7.11678
7.9336
8.16092
8.19491
8.19491
8.19491
8.388
7.62545
8.04875
8.97436
8.16031
8.4198
8.38916
8.42318
8.5916
8.76747
8.10672
8.1026
7.20581
7.43144
7.19215
7.18487
7.1884
7.1884
7.18487
7.18487
7.16832
7.55853
7.23281
7.0368
7.15959
7.09093
6.81778
6.81778
6.69182
6.69182
6.69182
6.69467
6.85353
6.85353
6.76319
6.76034
6.38944
6.91192
6.54797
6.54797
6.54797
6.20585
5.86969
5.86969
5.95657
5.95657
5.95657
5.95657
5.95657
5.63007
5.95657
6.13183
5.81162
5.81162
5.72474
5.72474
6.24219
6.24219
5.81162
5.81162
6.15695
5.81162
6.28601
6.0273
6.01691
6.09033
6.09033
6.09033
6.09033
6.09033
6.04213
6.13475
5.96167
6.13475
6.13475
6.27005
6.44492
6.18455
6.14823
5.72906
5.72906
5.72906
5.72906
5.85294
5.85294
5.85294
5.83606
5.60815
5.48797
5.82312
5.83522
5.83522
5.81052
5.93294
5.93294
5.93294
6.00546
5.90365
5.79546
5.66892
5.41841
5.41841
5.66892
5.46984
5.66892
5.82578
5.80443
5.82578
5.70317
5.73984
6.03043
5.95308
5.95308
5.95308
5.88926
5.88926
5.69306
5.84994
5.77433
5.69784
5.69784
5.89191
6.08997
6.08772
6.22727
6.22727
6.22727
6.22727
6.45989
6.8607
6.92932
6.92932
6.82751
6.82751
6.82751
6.75507
6.75507
6.72898
6.72898
6.72898
6.72816
6.43828
6.43828
6.05365
6.43828
6.13614
6.13614
6.42573
6.16198
6.40088
6.13614
6.24009
6.24009
6.24009
6.40088
6.49172
6.69158
6.69158
7.34967
7.47993
7.47993
7.72078
7.47608
7.66686
7.33221
7.19607
7.19607
7.19607
7.1941
7.01049
6.84534
6.58212
6.72812
6.72812
7.37671
7.25783
7.42114
6.92111
6.92111
6.92111
6.89293
6.89293
6.85069
6.85069
6.54715
6.54715
7.10918
6.85027
6.57574
6.57574
6.57574
6.57574
6.5208
6.47701
6.87902
6.93396
6.64237
6.60785
6.57176
6.57176
6.53721
6.55558
6.49959
6.49959
6.46136
6.43105
6.55288
6.63651
6.63651
6.63651
6.7694
6.6225
6.6225
6.48748
6.36696
6.25583
6.26584
6.26584
6.03221
6.03221
6.14969
5.99445
6.15242
6.40404
6.25877
6.25877
6.25877
6.31807
6.28477
6.47843
6.27785
5.76518
5.76518
5.74434
5.39982
5.39982
5.39982
5.39982
5.39982
5.39785
5.33671
5.33671
5.33671
5.33671
5.58356
5.35128
5.58356
5.48119
5.50314
5.50314
5.50314
5.5114
5.64272
5.5114
5.73072
5.73072
5.73072
5.73072
5.73072
6.2352
6.34982
6.10969
6.10969
6.45662
6.41098
6.41098
6.11673
6.16382
6.19365
6.44594
6.55137
6.70036
6.55144
6.51875
6.51875
6.63856
6.74543
6.56656
6.53939
6.57773
6.57773
6.72039
7.16737
6.82178
6.82178
6.76086
6.82178
6.73038
6.67143
6.67143
6.67143
6.68408
6.60904
6.91622
6.82839
6.82839
6.82798
6.81826
6.92073
6.59125
6.92073
6.76118
6.76118
6.76118
6.76118
6.76118
6.78669
6.83556
6.87315
6.87315
7.12636
7.12636
6.84926
6.83378
6.84926
6.84926
6.83378
7.0315
6.35084
6.79266
6.72968
6.72968
6.64125
6.59684
6.59684
6.96145
6.54473
6.80243
6.93932
6.66784
6.58056
6.58056
7.19192
7.20619
7.00537
7.06287
7.17002
6.77206
6.77206
6.77206
6.77206
7.05505
6.92325
6.92325
6.87747
6.98411
7.09342
6.97861
6.56839
6.56839
6.56839
6.56839
6.9788
6.9788
6.2935
5.97124
5.93294
6.04354
6.47099
6.37447
6.44386
6.53618
6.94865
6.99555
7.4286
7.33813
7.35532
7.07706
7.1131
7.53242
7.57794
7.47536
7.11195
7.11195
7.11195
7.11195
7.21953
7.15175
7.28182
6.83518
6.80586
6.849
6.90433
7.43125
7.40512
7.06384
7.34609
7.34609
7.88265
7.88265
7.72275
7.72275
7.25086
7.25086
7.36545
7.59066
7.38629
7.56639
7.38916
8.03912
7.7187
8.00467
8.14739
7.6653
7.49245
7.20509
7.26833
7.26833
7.37504
7.50632
7.50632
7.61255
7.58001
7.51771
7.51792
6.97523
6.94972
6.94972
6.94491
6.94491
6.77806
6.76636
6.72358
6.39203
6.62176
6.34924
6.24743
6.34924
6.59554
6.43788
6.39203
7.24585
7.01397
7.19441
6.62598
6.26161
6.16841
6.4823
6.4823
6.4823
6.75397
6.60048
6.56401
6.54527
6.54527
6.54527
6.69876
6.54558
6.82846
6.66349
6.66349
6.71463
6.90316
6.58391
6.93767
6.93767
6.89941
6.19938
6.16517
5.84788
5.89042
6.24981
6.2466
6.10248
6.10248
6.2466
6.2466
6.32899
6.46671
6.32433
7.15415
7.35
7.65668
7.64435
7.23203
7.95829
7.17383
6.99585
7.05858
7.29318
7.05858
7.05858
7.40356
7.40894
7.05858
7.40894
7.05858
7.05858
7.05858
7.05858
7.05858
7.05858
7.10686
7.10686
7.33921
7.7812
8.13109
8.13297
7.89077
8.4135
7.52511
8.25205
8.96919
9.01854
9.01854
8.92805
9.02953
9.0431
9.15572
8.93653
8.98358
9.02942
8.94925
8.6756
8.58482
8.96301
8.59355
8.05717
8.05717
7.79251
7.79251
7.74258
7.29638
7.29638
7.29638
7.73782
7.73782
7.62108
7.79127
7.85351
7.51606
7.20319
7.20319
7.20319
7.39586
7.60709
7.60709
7.93933
7.93933
7.56683
7.90737
8.12775
8.23608
8.3988
7.92521
7.92521
7.94864
7.94864
7.94864
7.94344
7.45205
7.3724
7.45205
7.43713
7.49338
7.49338
7.42942
7.17007
7.42873
6.98599
6.98017
6.98599
6.98599
6.98599
6.98599
6.98456
6.87341
7.02992
6.96206
6.96408
6.96408
7.33711
7.37732
7.13094
6.79795
6.97978
6.3941
6.3941
6.3941
6.3941
6.33333
6.19231
6.19231
6.32891
6.38968
6.32891
6.32891
6.14481
6.14481
6.09577
6.09577
6.09577
6.09577
5.8727
5.81193
5.72671
5.72671
5.66594
5.66594
5.85393
5.8901
5.90978
5.90978
6.09347
5.93746
5.79625
5.90978
5.90978
5.97055
5.87304
5.87304
5.87304
5.73487
5.87304
6.36677
6.18793
6.18793
6.07756
6.07756
6.07756
6.07756
6.25798
6.25798
6.22469
5.94411
6.25987
5.59466
5.37755
5.97757
5.62385
5.86383
5.62786
5.50397
5.43572
5.43572
5.62786
5.84254
5.85027
6.12092
6.0598
6.00917
6.00917
6.00917
6.00917
6.37225
6.2557
6.19904
5.95251
6.2557
6.2557
6.2557
6.19904
6.19904
6.19904
6.19904
6.19904
6.19904
6.34365
6.287
6.34365
6.27045
6.287
6.287
6.24886
6.24886
6.14436
6.14436
6.14436
6.20305
6.20305
6.20305
6.20305
6.20305
6.20305
6.20305
6.15704
6.20305
6.20305
6.20305
6.15005
6.15005
5.96237
6.08594
6.08594
6.04354
6.04354
6.04354
6.04815
6.04815
5.96237
5.96237
5.96237
5.96237
5.96237
5.96237
5.96237
5.96237
5.96237
5.96237
5.96237
5.91703
5.91325
5.91325
5.91325
5.91325
5.89048
5.91325
5.91703
5.91703
5.7099
5.7099
5.7099
5.67984
5.84807
5.84807
5.71881
6.1734
5.87092
5.90459
5.90459
5.90459
5.90459
5.90064
5.88367
5.97675
6.02823
5.90459
6.07512
6.25706
6.25706
6.25608
6.53595
6.9186
6.83787
6.61538
6.58903
6.81775
6.81775
6.78559
6.77729
6.71916
6.71916
6.63691
6.63691
6.63691
6.72175
6.72175
6.74455
6.79674
6.71766
6.60847
6.60847
6.28122
6.32468
5.93157
6.20195
6.02119
6.20195
6.02907
5.88846
5.6939
5.6939
5.61931
5.67642
5.63016
5.39592
5.6576
5.9168
5.9168
5.63016
6.10874
6.10874
6.10874
6.07226
6.10784
5.77506
5.66719
5.82435
5.81608
6.04361
5.82435
5.82435
5.82435
5.68532
5.80811
5.69359
5.69359
5.71641
5.71641
5.71641
5.71641
5.99437
6.10017
6.358
6.358
6.90946
6.39958
6.39958
6.68428
6.98861
6.98559
6.8307
7.17891
6.90853
6.63082
6.68817
6.63631
7.20731
6.92525
6.92525
6.68961
7.09202
6.68961
7.73166
7.84841
7.79269
7.33059
7.32091
7.40955
7.28392
7.28813
7.6383
7.56765
7.3461
7.6383
7.52445
7.40302
7.52445
7.52445
7.37903
7.36676
7.46898
6.90303
6.90303
7.33888
6.97288
6.9449
6.69994
6.6625
6.63498
6.67243
6.67243
6.36938
6.36938
6.36938
5.95725
5.98477
5.98477
5.98477
5.98477
5.98477
5.98477
6.23276
5.98477
5.98477
6.43828
5.98477
5.98477
6.03543
6.39051
5.94732
6.19385
6.43828
6.43828
6.68481
6.43828
7.11901
7.05799
7.11901
6.34877
6.34877
6.54701
6.43471
6.44249
6.42661
6.76358
7.03761
7.03761
7.03761
7.03761
6.97941
6.97941
6.97941
6.91517
6.86675
6.85254
7.04491
7.06312
7.06312
7.52704
7.59471
7.93245
7.88154
8.02312
7.95757
7.95757
8.23828
8.67757
8.71371
8.88601
9.16411
9.255
8.93846
8.19469
8.43303
8.13891
7.95986
7.76657
7.80918
7.77227
7.4541
7.49202
7.49202
7.43973
7.74341
7.74341
7.95042
7.90079
7.75859
7.89184
7.65624
7.49842
6.66307
6.66307
7.4522
7.40562
7.53188
7.64604
7.65836
8.11932
7.80061
7.66078
7.867
7.867
7.867
7.94243
7.94243
7.94243
7.8803
7.36439
7.36439
7.88115
7.74808
8.14653
8.14653
8.05
8.05
7.94893
7.27633
7.35894
7.34844
7.49989
7.26468
7.36344
8.3705
8.47863
8.42195
8.17618
8.20385
8.2782
8.4482
8.02964
8.17673
8.21901
8.21901
7.81264
7.81264
7.52576
7.79757
7.53104
7.62029
7.68228
7.57269
7.57269
7.57269
7.07202
7.29153
7.29153
7.23553
7.21696
6.85568
6.85568
6.81427
6.81427
6.71433
6.71433
6.68426
6.76902
6.78853
6.66534
6.69465
6.5026
6.5026
6.39834
6.25467
6.39834
6.47296
6.65098
6.5539
6.68005
6.62931
6.74308
6.65547
6.69379
6.61702
6.61702
6.45241
6.45241
6.45241
6.45241
6.35518
6.35518
6.2824
6.16703
6.16264
6.08972
5.92432
6.22309
6.22309
6.27454
6.17809
6.13668
6.13668
6.17809
6.18103
6.23276
6.16122
6.10718
6.39815
6.45973
6.39384
6.23121
6.27706
6.3588
6.14883
6.14883
6.45839
6.45911
6.73222
6.17177
6.17177
6.17177
6.04167
6.40887
6.18378
6.35759
6.819
6.67152
6.79937
6.38678
6.40778
6.4606
6.48721
6.42538
6.48721
7.43442
7.16458
6.77538
6.77538
6.6386
6.6994
6.44968
6.44968
6.44968
6.5383
6.5383
7.02994
6.93709
6.93709
6.95104
6.83357
6.9352
7.03838
7.03838
7.03838
6.68564
6.86827
6.88402
6.88402
6.5546
6.5546
6.5546
6.5546
6.5546
6.5546
6.46563
6.5023
6.33856
6.21231
6.40621
6.46289
6.31607
6.19236
6.12098
6.12098
6.00326
6.00326
5.98093
6.1466
6.1466
5.81305
5.73022
5.62572
5.62572
5.62572
5.62572
5.68772
5.53447
5.49262
5.49262
5.20152
5.20152
5.30258
5.30258
5.30258
5.30258
5.33257
5.73696
5.67548
5.51541
5.48355
5.11488
5.10407
5.09739
5.00898
5.00898
5.04293
5.00898
5.00898
5.30313
5.30313
4.89862
4.89862
5.47462
5.47462
5.47462
5.91693
5.80251
5.46302
5.61455
5.61455
5.61455
5.61455
5.88815
5.91472
5.72744
5.92893
5.92893
5.92893
6.05551
5.86362
6.07671
6.07671
5.72443
5.72443
5.68172
5.68172
5.79904
5.57422
5.57422
5.54542
5.54542
5.54542
5.54542
5.54542
5.54542
5.54542
5.54542
5.54542
5.43153
5.54542
5.37319
5.37319
5.2719
5.2719
5.37371
5.7504
5.80696
5.81577
5.70355
6.19433
5.78282
6.14139
6.24085
6.17581
6.43959
6.18031
6.53228
6.6706
6.90485
6.94259
6.44198
6.44198
6.45626
6.8644
7.00187
6.84433
6.6613
6.61506
6.56428
6.52074
7.04012
6.87657
6.87657
6.96764
6.52959
6.30842
6.59265
6.59265
6.59265
6.21115
6.67985
6.71791
6.68015
6.29311
6.29311
7.06154
7.02737
7.02737
6.57539
6.93975
7.01479
6.8109
6.70472
7.04947
6.82435
7.07347
6.89813
6.89813
6.43334
6.55436
6.59348
6.50006
6.50006
6.21722
6.1013
6.1013
6.1013
6.23954
6.45086
6.1167
5.95464
5.95464
5.81949
5.81949
6.45901
6.0181
6.56937
7.4441
7.24831
7.01352
6.70758
6.70758
6.70758
6.70758
6.18851
6.30526
6.56991
6.32022
6.49445
6.25832
6.25832
6.25832
6.25832
6.25832
6.25832
6.25832
5.97688
5.80824
5.80824
5.99976
6.32638
6.37841
6.01844
5.70362
5.47686
5.77536
5.77536
5.86299
5.82343
5.71323
5.93314
5.87555
6.03501
5.6586
5.71984
5.71984
5.71984
5.71984
5.64343
5.64157
5.5577
5.5577
5.5577
5.5577
5.5577
5.5577
5.5577
5.5577
5.5577
5.5577
5.5577
5.5577
5.47098
5.5577
5.58199
5.52673
5.52673
5.52673
5.49843
5.47098
5.28585
5.15903
5.40174
5.40174
5.31106
5.17499
5.17499
5.17499
5.17499
5.32968
5.27691
5.32968
5.28533
5.28533
5.28533
5.32968
5.32968
5.48796
5.2783
5.42947
5.28872
5.28872
5.28872
5.28872
5.49099
5.18765
5.20618
5.20618
5.20618
5.20618
5.20618
5.20618
5.49758
5.65372
5.65372
5.33007
5.65372
5.56419
5.7655
5.7655
5.7655
5.7655
5.56699
5.54246
5.54246
5.40259
5.54246
5.41334
5.40259
5.55321
5.55321
5.54246
5.55321
5.54246
5.63592
5.54246
5.42562
5.30382
5.30382
5.30734
5.28175
5.28175
5.02198
5.20146
5.20146
5.25047
5.28175
5.28175
5.25047
5.7891
5.81445
5.81445
6.07007
6.50954
6.50954
6.79554
6.79554
6.55861
6.5881
6.30546
6.30546
6.28383
6.76126
6.76126
6.76126
6.81333
6.5939
7.03237
6.90348
7.01799
6.9855
6.79233
6.83966
7.06567
6.91931
7.17201
6.93827
7.14531
7.14531
7.40993
7.37977
7.12793
7.12793
7.11501
6.72996
6.8418
6.5158
6.5158
6.48766
6.69295
6.69295
6.64975
6.53572
6.53572
6.46356
6.29728
6.44599
6.49595
6.53066
6.47894
6.47894
6.19412
6.19412
6.72852
6.6399
6.49985
6.5854
6.50406
6.50406
6.18158
6.18158
6.23453
5.961
5.961
6.16987
6.31557
6.31557
6.46355
6.23421
6.22239
6.22239
6.20347
6.20347
6.03072
6.03072
6.11019
6.11019
6.11019
6.40099
6.18947
6.18947
6.18947
6.18947
6.18947
6.18947
6.23284
6.23284
6.18947
6.23284
6.09074
6.09074
6.09074
6.01418
6.17248
6.32898
6.07246
6.1086
6.26044
6.20326
6.05581
6.19355
6.19355
5.91212
5.925
5.925
5.76176
5.91212
5.91212
5.91212
6.25835
5.94458
5.8816
5.8816
5.8816
5.95356
6.33389
6.25959
6.25959
6.619
6.52153
6.19287
6.19287
6.12787
6.29187
6.29187
6.13042
6.07117
6.16309
6.17747
6.21046
6.35288
6.35223
6.4519
6.44921
6.44921
6.19374
6.13696
6.13696
6.19374
6.91243
6.74159
6.84423
6.83224
6.63419
6.63419
6.61737
6.69585
6.77995
6.68923
6.49025
6.95541
6.84873
6.81964
6.39212
6.39212
6.39212
6.579
6.55132
6.22057
6.479
6.479
6.29456
6.29456
6.29456
6.17735
6.29456
6.40402
6.50278
6.38489
6.28999
6.39347
6.45679
5.94147
5.94147
5.94147
5.93586
5.93024
5.88769
5.88769
5.88769
5.71722
6.05947
6.03016
5.90447
5.90447
5.86663
5.92361
5.92361
6.14785
6.14785
5.89643
5.89643
5.97097
5.9536
5.98606
5.99436
5.99436
5.95818
5.95818
5.95818
5.86356
5.86325
5.86325
5.82377
5.82377
6.51042
5.94541
5.94416
5.81248
5.81248
5.81248
5.81248
6.50359
6.37191
5.81248
5.81248
5.81248
5.81248
5.81248
6.02533
6.02533
6.02533
6.75908
6.75908
6.86089
6.83395
6.83395
6.45505
6.42212
6.24478
6.00765
6.00765
6.00765
6.24478
6.31677
5.9658
5.73916
6.01802
6.15606
6.08365
5.95674
6.04305
6.04305
6.04305
6.01488
5.93056
5.93056
5.82851
5.82851
6.12526
6.18956
5.91415
5.96101
5.67996
5.94128
5.94128
5.67503
5.61516
5.61516
5.49127
5.61516
5.61516
5.74014
5.51759
5.51759
5.71913
5.86514
5.86514
5.94724
5.771
5.62498
6.32205
6.21086
6.21086
6.21086
6.52596
6.63321
6.3366
6.30204
6.29167
6.29167
6.27077
6.50962
6.15065
5.72875
6.33771
5.83358
5.83358
5.84815
5.84815
6.23154
6.82139
6.85974
6.85974
6.4867
6.74351
7.28724
7.1497
6.72115
6.65901
6.72115
6.72115
6.65901
6.65901
6.46666
6.7269
6.7269
6.70899
6.70899
6.70899
6.70899
6.97806
6.99049
6.93666
6.58837
7.05063
7.05063
7.05063
7.05063
7.1682
7.11378
7.38121
7.02951
7.02951
7.02951
7.37685
6.9061
6.91656
6.86988
6.61771
6.65042
6.65042
6.65042
6.65042
6.65042
7.15047
7.48747
7.48747
7.48747
7.48747
7.48747
7.76435
7.7275
7.86128
7.86128
7.86128
7.86128
7.86128
7.57379
7.73942
8.12949
8.13207
8.00034
8.00034
8.06679
8.06679
8.06679
8.06679
8.02435
8.10826
8.21739
8.08279
7.98881
7.93804
7.84784
7.57156
7.84732
7.87505
7.77575
7.77575
7.77575
7.07101
7.53592
7.62266
7.9745
7.73919
7.34164
7.34164
7.34164
7.34164
7.32528
7.90929
7.34364
7.54977
7.31413
7.31413
7.33833
7.25202
7.24451
7.24682
6.92772
6.87209
7.16717
7.25785
7.25785
7.28226
7.28226
7.28226
6.92119
6.92119
6.92119
7.30313
7.26655
7.26655
7.26655
7.07346
6.90526
6.80928
6.80928
6.80928
6.9849
6.9117
6.9849
6.9849
6.85645
6.93317
6.81099
6.81099
6.86262
6.93268
6.79135
6.79135
6.56803
6.69238
6.69238
6.56594
6.56594
6.4964
6.43055
6.029
6.38052
6.61075
6.21881
6.15537
6.03549
6.15537
6.15537
6.15537
6.15537
5.92932
5.92932
6.29686
6.35218
6.27955
6.46823
6.57756
6.57756
6.52651
6.8868
6.94371
6.94371
6.61575
6.28937
6.28937
6.0056
6.0056
6.04656
6.0056
6.0056
6.0056
6.07776
6.07776
5.79379
5.71814
5.71814
5.68002
5.63542
5.63542
5.63542
5.63542
5.63542
5.63573
5.63542
5.63542
5.63542
5.5935
5.82494
5.63793
5.63793
5.63793
5.60876
5.63793
6.02541
5.89573
5.97712
6.10307
6.2221
6.16613
6.16613
6.16613
6.16613
6.16613
6.16613
6.06189
6.09323
6.09323
6.47916
6.47916
5.84584
6.42577
6.50521
6.27257
6.27257
5.77275
5.77275
5.77275
5.86392
5.86392
5.86392
5.67773
5.78483
5.55883
5.51994
5.63205
5.70291
5.82319
5.73943
5.73943
5.73943
5.85268
5.44547
5.44547
5.68263
5.64888
5.59187
5.54179
5.54179
5.41884
5.29495
5.29495
5.30774
5.29495
5.43579
5.6063
5.54179
5.6063
5.99005
6.06826
6.8095
6.57396
6.45596
6.27554
5.93893
5.82504
6.10384
6.4784
6.54251
6.54251
6.79397
6.74941
6.63213
6.63213
6.56483
6.54351
6.25003
6.54351
6.54351
6.92456
7.2327
7.42917
7.39428
7.39452
7.47009
7.65687
7.51644
7.53675
7.25412
7.23059
7.12009
7.24299
7.07657
6.66569
6.78833
6.66569
6.66569
6.66569
6.66569
6.66569
6.66569
6.67616
6.55227
6.55227
6.55227
6.55227
6.55227
6.55227
6.55227
6.55227
6.55227
6.55227
6.25882
6.25882
6.25882
6.40161
6.40161
6.23798
6.19864
5.98959
6.01008
5.88897
5.88897
5.94182
5.73813
5.73813
5.73813
5.88217
5.76182
5.49946
5.49946
5.49946
5.49946
5.67759
5.67759
5.67759
5.81549
5.26146
5.38534
5.62525
5.62525
5.87352
5.87352
5.64094
6.05662
6.05667
6.05667
5.8065
5.8065
6.00251
6.0591
6.31244
6.44726
6.44726
6.45962
6.45962
6.75135
6.66215
6.73353
6.73353
7.06602
6.96083
6.96083
6.96083
7.74206
8.15961
7.54063
7.81554
7.14697
7.38762
7.15459
7.03422
7.03422
7.03422
6.87246
6.87246
6.87246
7.00515
6.90377
6.90377
6.48679
6.8104
6.8104
6.71569
6.71569
6.90368
6.8707
6.76567
6.55701
6.55701
6.49555
6.65081
6.70896
6.50819
6.4889
6.4889
6.47636
6.47636
6.49587
6.45924
6.49587
6.49587
6.49587
6.51538
6.49587
6.53079
6.27883
6.47693
6.27883
6.68834
6.68834
6.68361
6.73606
6.40471
6.32072
6.23697
5.86534
5.86534
5.86534
5.86534
5.86534
5.86534
5.86534
5.61881
5.61881
5.61881
5.61881
6.1786
5.86534
6.24073
6.17574
6.02406
6.02406
5.96674
5.89458
5.7199
5.89458
5.89458
5.89458
5.96674
5.96674
5.96674
5.96674
6.60561
6.57639
6.57639
6.67746
6.67746
6.60561
6.60561
6.51458
6.54578
6.54578
6.32456
6.32456
6.32456
6.32456
6.234
6.22054
6.22054
6.22054
6.3407
6.21276
6.03807
6.03807
6.05287
5.99821
6.22755
6.45252
6.45252
6.45252
6.21276
6.28492
6.03807
6.03807
6.03807
5.96225
5.96225
5.91678
5.91678
5.91678
5.91678
5.82157
5.82157
5.8211
6.02969
5.80588
5.80588
5.88595
5.88595
6.05766
6.05766
6.05766
6.05766
6.05766
6.16975
6.16975
6.16975
6.16975
6.16975
6.16975
6.16975
6.84956
6.93211
7.16021
7.41074
7.19575
7.19575
7.19575
7.19575
7.19575
7.14026
7.47762
7.19575
7.15536
7.34162
7.34813
6.90248
6.96885
7.06907
6.83955
6.83955
6.87287
6.35223
6.37339
6.55085
6.55085
6.3649
6.3649
6.08461
5.92605
5.92605
5.86288
5.86288
5.86288
5.86288
5.86288
5.86288
6.39735
6.66099
6.68553
6.83738
6.83738
6.83738
7.06035
6.9101
7.35963
7.21082
7.35963
7.11682
7.17513
6.95229
6.87466
7.20954
7.32676
7.18647
6.91613
6.91613
7.04105
7.02999
7.02999
6.76897
6.76897
6.76897
6.76697
6.76697
6.76697
6.56994
6.56994
6.56994
6.27624
6.61203
6.79083
6.79083
6.5376
6.16413
6.09378
6.19231
6.19231
6.0992
6.0992
6.0992
6.46356
5.9085
6.06184
6.46343
6.45046
6.46343
6.41203
6.30244
6.36527
6.39299
6.0119
5.96309
5.96309
5.97656
6.16432
6.33691
6.3306
6.26586
6.26586
6.085
6.085
6.35476
6.30097
6.35763
5.90216
6.63671
6.35889
6.26154
6.88415
7.19479
6.49081
6.49081
6.49081
6.49081
6.64073
6.94822
6.83876
6.04446
5.96092
5.96092
5.96092
5.9443
5.9443
6.11203
6.23627
5.9443
5.78478
5.84694
5.97039
5.97039
5.97039
5.97039
5.97082
5.97082
6.31776
5.86625
5.86625
5.77884
5.89842
5.7815
5.89842
5.89842
5.86668
5.91344
6.39159
6.19478
6.30636
6.25464
6.13492
6.15598
6.13492
6.13492
5.9323
5.75801
5.75801
5.63413
5.5376
5.5376
5.5376
5.5376
5.5376
5.5376
5.5376
6.10633
6.10633
6.23931
6.23931
5.47017
5.47017
5.47017
5.99246
5.99246
5.8287
5.99246
5.99246
5.91285
5.91285
5.63176
5.63176
5.63176
5.84065
5.58296
5.58296
5.33514
5.33514
5.36439
5.36439
5.5514
5.70864
5.63425
5.70327
5.87976
5.87976
5.87976
5.87976
5.87976
5.93149
5.87976
5.87976
5.3425
5.3425
5.3425
5.73132
5.73132
5.8116
5.87105
6.23344
6.38294
5.89674
5.89674
5.89674
5.89674
5.89674
6.3717
6.05232
6.18613
6.18613
6.18613
6.52279
6.18613
6.35634
6.17963
6.07176
6.07176
6.07743
6.07176
6.11481
6.00865
6.03609
5.9881
5.9881
6.08409
6.08409
5.98815
5.98815
5.96071
5.96071
5.96071
5.96071
6.18747
6.03525
6.31271
6.25518
6.21223
6.18625
6.18625
6.22161
6.31631
6.06826
5.96677
5.96677
5.91707
5.82513
5.74017
5.85787
5.85787
5.85787
5.85787
6.10798
6.10798
6.10557
5.85546
5.62406
5.62406
5.62406
5.62406
5.60834
5.58743
5.58503
5.62406
5.57632
5.57632
5.57632
5.57632
5.99839
5.65283
6.03467
6.03467
6.03467
5.96481
5.67134
5.55723
5.64423
5.43658
5.43658
5.70231
5.79974
5.79974
5.94798
6.0307
6.0307
6.0307
6.0307
6.0307
5.92189
6.09086
6.09086
6.03925
6.03925
5.87535
5.87535
5.87535
5.87535
5.65329
5.65329
5.46876
5.61584
5.46876
5.58413
5.61584
5.80682
5.72212
5.61457
5.72212
5.72212
5.92436
5.9605
5.68397
5.42295
5.42295
5.09293
5.09293
5.09293
5.42295
5.95547
5.3367
5.09293
5.19493
5.19493
5.40222
5.40222
5.33361
5.28685
5.28685
5.28685
5.28685
5.25471
5.13083
5.13083
5.76503
5.69097
5.69097
5.34661
5.57636
5.69097
5.53065
5.53214
5.53214
5.53214
5.65602
5.65602
5.6289
5.6289
5.80501
5.61471
5.73859
5.73859
5.80501
5.61471
5.62971
5.62971
5.80501
6.41622
6.41622
6.41622
6.41622
6.27449
6.14765
6.14765
6.14765
6.08461
6.08461
5.90997
5.90997
5.90997
6.58219
6.0723
6.0723
6.81018
6.82147
6.22804
6.07176
6.07176
6.32048
6.23519
6.23519
6.76734
6.33085
6.34164
6.34164
6.3
6.19624
6.44785
6.22151
6.22151
6.49888
6.01922
6.01922
6.44952
6.33838
6.37503
6.37503
6.19158
6.46265
6.19016
6.09902
6.09902
6.09902
6.09902
6.09902
6.32007
6.32007
6.44091
6.26482
6.62456
6.61362
6.61362
6.76455
6.90526
6.22514
6.22514
6.22514
6.22514
6.22514
6.8341
6.77414
6.7615
6.7615
6.7615
6.7615
7.45873
7.28158
7.91636
7.60412
7.21614
7.21614
7.79415
8.00747
7.74595
8.14684
8.08056
8.08056
7.89266
7.89355
8.15359
8.04493
8.04493
7.86375
7.04675
7.47483
7.51389
7.51389
7.46832
7.46832
6.3154
6.3154
7.03432
7.52118
8.20749
8.31537
7.96189
7.50385
6.94238
6.94238
6.48265
6.3111
6.48265
6.4153
6.34543
6.57015
6.55769
6.5
6.54784
6.60379
6.60379
6.60379
6.60379
6.60379
6.60379
6.57099
6.43143
6.35416
7.11742
6.45544
6.85973
6.58342
6.70945
6.72481
6.72481
6.4438
6.31574
6.4089
6.01499
5.61107
5.93049
5.94405
5.94405
5.94405
5.94405
5.94405
6.06158
6.18532
6.18532
6.18532
6.18532
6.18532
6.332
6.06158
6.06158
6.05566
5.99714
6.05566
6.05566
6.05566
6.05566
6.28384
6.28384
6.38937
6.68103
6.46291
6.21624
6.21624
6.21624
6.33759
6.31704
6.57256
6.83757
7.23994
7.07921
7.05961
6.48325
6.48325
6.28909
6.48325
6.57985
6.96584
7.03523
6.74311
6.62183
6.62183
6.62183
6.55046
6.61049
6.71567
6.55076
6.59343
6.58992
6.43464
6.43464
6.43464
6.43464
6.43464
6.58019
6.58019
6.69513
6.62225
6.74283
6.70922
6.74283
6.74283
6.70922
6.46609
6.46609
6.46609
6.51197
6.60491
6.29679
6.60234
6.46038
6.64455
6.42006
6.30681
6.42006
6.30072
6.2241
6.1915
6.16118
6.1915
6.1915
6.02284
5.80164
5.80164
5.86323
5.81076
5.61221
5.61221
5.56297
5.71604
5.71604
5.71604
5.76571
5.81076
5.88296
5.88296
5.88296
5.88296
5.72716
5.79909
5.79909
5.29883
5.49669
5.47202
5.49669
5.45275
5.49669
5.63151
5.63151
5.69842
5.69842
5.69842
5.63839
5.83917
6.62416
6.94861
7.19709
7.13752
7.13306
6.37044
6.65057
6.65909
7.01559
7.01559
6.87594
6.90576
6.54455
6.44973
6.44973
6.15457
5.93739
6.22449
6.22449
6.13795
6.12385
6.07067
6.2451
6.2451
6.20974
6.52857
6.58306
6.92753
6.93027
6.61944
6.73161
6.73161
6.93566
7.29115
7.29115
7.6888
7.21278
7.15321
7.15321
7.11167
6.97698
6.821
7.13118
6.80003
6.80003
6.79267
6.80003
7.40278
7.40278
7.40342
6.92267
7.24085
7.05252
7.05252
7.05252
6.72624
6.64349
7.16419
6.99363
6.7471
6.91929
7.19488
7.38996
7.05638
6.93091
6.79001
6.79001
6.62266
6.68117
6.88874
6.60138
6.51976
6.65567
6.65567
6.7151
6.57856
6.57856
6.57856
6.57856
6.58001
6.58001
6.58001
6.61459
6.61459
7.38495
7.38495
7.34643
6.80994
6.58573
6.58573
6.58573
6.58573
6.58573
6.58573
6.40819
6.40819
6.3375
6.36711
6.40819
6.41555
6.48082
6.47653
6.47653
6.60518
6.37402
6.35251
6.02053
5.99903
5.89665
5.99903
6.02053
6.10902
6.10902
6.13052
6.05053
5.97291
5.89665
5.97291
5.97291
6.04507
6.02053
6.52884
6.77294
5.9531
6.55982
7.50517
7.49087
6.95616
6.44893
7.30032
7.43524
7.43524
7.43524
7.43524
7.388
7.03982
7.03982
7.09794
7.03982
7.24
7.45799
7.36762
7.2327
7.47865
8.19265
7.73608
7.64873
7.61047
7.61047
7.47975
7.47975
7.47975
7.47975
7.47975
7.47975
7.47975
7.29165
6.95122
7.06369
6.95122
7.83103
7.87407
7.66025
8.06559
7.71588
6.74472
7.45473
7.55779
7.96607
8.06231
8.17364
7.58626
7.58626
7.3811
7.9254
7.3811
7.3811
7.3811
7.15498
7.15498
7.13826
7.02726
7.01708
7.01708
6.97859
7.01708
6.79099
7.20945
7.31096
7.39715
7.28203
7.26598
7.21964
6.8851
6.73112
6.73112
6.72539
6.72539
6.72539
6.71665
6.73112
6.57511
6.57511
6.57511
6.57511
6.57511
6.67497
6.73196
6.69087
6.69087
6.63004
6.63004
6.63004
6.73845
6.56425
6.33508
6.33508
6.44274
6.32545
6.3349
6.32545
6.32545
6.2615
6.2429
6.2429
6.31044
6.32731
5.96923
6.60896
6.44601
6.60896
6.54866
6.34955
6.34955
6.22921
6.34955
6.34955
6.22921
6.22921
6.22921
6.22921
6.20225
6.22921
6.22921
6.22921
6.22921
6.22921
6.22921
5.69549
5.69549
5.69549
5.69549
5.69549
5.69549
5.69549
5.90204
5.90204
5.90204
5.90204
5.82092
6.2122
6.02537
6.18674
6.10563
6.36739
6.36739
6.81878
6.46897
6.77761
6.77761
5.91665
6.10425
6.08411
6.003
6.003
6.40105
6.22313
6.22313
6.22313
6.22313
6.06868
5.92837
5.92837
6.07503
5.92837
5.92837
5.92837
6.13675
6.09658
6.09658
6.18784
6.03794
6.11928
6.50114
6.50114
6.65034
6.98186
7.04666
7.04666
6.85334
6.46033
6.46033
6.46033
6.46033
6.46033
6.33934
6.46033
6.25532
6.17872
6.17872
6.27008
6.38681
6.38681
6.36714
6.33539
6.33539
6.33539
6.36981
6.46107
6.30183
6.0148
6.10039
6.10039
6.10039
6.10039
6.10039
6.10039
6.10039
6.10039
6.04427
6.24106
6.24106
5.8972
6.01709
5.98526
5.894
5.98526
5.98526
5.96434
6.01709
6.00436
6.01709
5.85334
6.01709
6.01709
6.00538
6.00538
6.00538
6.00538
6.00538
6.00538
6.00538
6.00538
6.00538
6.00538
6.36906
6.35232
6.37852
6.58513
6.52684
6.52684
6.16762
6.16762
6.16762
6.16762
6.16762
6.16762
6.16762
6.16762
6.16762
6.16489
6.14398
6.16762
6.45426
6.60507
6.60507
6.47117
6.47117
6.45025
6.45025
6.45025
6.45025
6.45025
6.43583
6.38284
6.34111
6.34111
6.34111
6.34111
6.20227
6.30982
6.23938
6.26783
6.26783
6.07795
6.07795
6.05271
6.05271
6.05271
6.05271
6.05271
6.05271
6.0516
6.0516
6.0516
6.0516
6.0516
6.0516
6.0516
6.0516
6.0516
6.0516
6.0516
6.0338
6.0338
6.0338
6.94857
6.0338
6.0338
6.23569
6.23569
6.76734
6.76734
6.92106
7.06322
7.51127
6.96759
7.2693
7.36301
7.55975
7.63085
7.64018
7.60866
7.50607
7.045
7.05961
6.78108
6.78108
6.78108
6.3806
6.39231
6.3806
6.3806
6.50418
6.50418
6.50418
6.37638
6.25131
6.50418
6.68635
6.56278
6.56278
6.68635
6.63289
6.95743
6.81012
6.55684
6.81065
6.93096
6.53903
6.74449
6.67351
6.42256
6.42256
6.38635
6.38635
6.38635
6.38089
6.15656
6.38635
6.38635
6.38635
6.38635
6.38635
6.38635
6.38635
6.38635
6.3858
6.33045
6.2421
6.33045
6.31933
6.31933
6.10099
6.10099
6.10099
6.36022
6.36022
6.40068
6.96371
7.03848
6.59601
7.03848
7.03848
7.03848
6.94
6.86188
6.86188
7.61945
7.6027
7.6027
7.27334
7.15188
7.58463
7.10561
7.34332
7.7705
7.43987
7.43987
7.43987
8.09795
8.09867
8.07404
7.96053
7.87884
7.97488
7.51593
7.42588
8.11877
7.72741
7.72741
7.89157
7.80414
8.18417
7.93858
8.17124
8.27178
8.01428
7.68736
7.90936
7.55178
7.60067
7.48448
7.6706
7.165
7.29971
7.29971
7.32061
7.33998
7.33998
7.50864
7.8517
7.77093
7.7526
7.80987
7.50697
7.47994
6.60333
6.60333
6.60333
6.60333
6.61105
6.78678
6.77314
6.76542
6.98369
6.69459
6.73485
7.00494
6.6516
7.24609
6.813
7.06799
6.92168
6.66181
6.66181
6.71354
6.70121
6.91737
6.42962
6.40544
6.30574
6.42962
6.38797
6.24488
6.83381
6.75695
6.42585
5.93651
6.14404
6.27959
6.27959
6.26671
6.26671
6.27959
6.35098
6.40239
6.3559
6.31667
6.21614
6.18757
6.28655
6.29944
6.32378
6.28974
6.32949
6.32792
6.32792
6.26866
6.30676
6.49113
6.50107
6.47154
6.20211
6.20211
6.20211
6.23355
6.11371
6.11371
5.97343
6.09978
6.11371
6.11371
6.10463
5.90324
6.01847
5.77859
6.08154
6.1815
6.17876
6.17876
6.17876
5.93662
5.9002
5.9002
5.9002
5.93662
5.89054
5.75241
5.89054
5.79975
5.89054
5.89054
5.72899
5.71344
5.56948
5.56948
5.52846
5.52846
5.52846
5.56258
6.23145
6.23145
6.23145
5.79061
5.79061
6.48213
7.00098
6.74031
6.74031
6.62615
6.62615
6.62615
6.94035
6.9253
6.9253
6.9253
6.78634
6.94035
6.94035
7.42333
6.78328
6.78328
6.78328
6.70286
6.66173
6.66173
6.66173
6.25802
7.06084
7.12514
7.14193
6.68395
6.22455
6.22455
6.22455
6.29647
5.9454
6.07011
6.47754
6.47754
5.48955
6.47754
6.09043
5.88257
6.11931
5.74166
6.14608
6.13084
6.21959
5.60325
5.60325
5.60325
5.60325
5.67541
5.67541
5.67541
6.07705
5.67541
5.67541
5.60325
5.86299
5.86299
6.23648
6.22634
6.36845
6.25356
6.07348
6.36131
6.60005
6.63337
6.50258
6.50935
6.46896
6.64382
6.76488
6.76488
6.76488
6.62174
6.62174
6.54097
6.62174
6.59561
6.40184
6.40184
6.40184
6.40184
6.29644
6.58325
6.80472
7.0368
6.58782
6.8166
6.7938
6.9195
6.86096
6.81472
6.81472
6.50735
6.84862
6.52313
6.04729
6.37268
6.92171
6.92171
6.28768
7.54365
7.54365
7.30288
7.45375
7.56289
7.56289
7.56289
7.40023
7.35172
6.94629
7.40023
7.60804
7.17909
6.58526
7.39902
7.88054
7.88054
7.74585
8.20552
8.15109
8.18372
8.005
8.04786
7.65208
7.65208
7.65208
7.718
7.62421
7.61236
7.47622
7.47622
7.01962
7.2569
7.2569
7.21584
7.21584
6.91593
6.91593
7.14577
7.06376
7.11086
6.98433
7.31173
7.15559
6.98433
6.93889
6.93889
7.22032
7.83652
7.60807
8.11225
7.89531
7.81753
7.72502
7.69438
7.93522
8.06424
8.31406
7.43724
7.40671
7.45959
6.90525
7.22058
7.22058
7.22058
7.22058
7.05217
7.05217
6.94497
6.99708
6.99708
7.24392
7.17176
7.17176
7.17176
7.11329
7.17176
7.17176
7.01213
6.85494
6.9969
6.9969
6.74213
6.83127
6.83127
6.83127
6.75525
6.42869
6.71987
6.5251
6.37767
6.49954
6.37767
6.27243
6.42869
6.08649
6.08852
6.08852
6.05692
6.08852
6.15799
6.15799
5.94317
6.07828
5.93774
5.99292
5.99292
6.32726
6.32726
6.53181
6.53181
6.42408
6.53181
6.73844
7.84976
7.7515
7.7515
7.77548
7.46068
7.37191
7.15106
6.53593
6.53593
6.53593
6.53593
6.53593
6.53593
6.53593
6.49018
6.97752
6.94434
6.71727
6.71727
6.70216
6.70216
6.64678
6.68123
6.62734
6.69251
6.42333
6.42333
6.42333
6.41605
6.27603
6.73633
6.24639
6.24639
6.24639
6.24639
6.07689
6.07689
6.07689
6.04295
6.07689
6.07689
6.23459
6.23459
6.07689
5.90082
6.22642
6.40223
6.40223
6.70364
6.79975
6.81941
6.64957
6.44028
6.44028
6.36161
6.36161
6.77212
6.81526
6.6738
6.17789
6.42765
6.27805
6.27805
6.27805
6.10347
6.25855
5.82432
5.82432
6.17032
6.22264
6.68971
6.22014
6.43103
6.43103
6.23589
6.41139
6.21035
6.21035
6.41139
6.6204
6.54757
6.29085
6.48599
6.72024
6.21171
6.2114
6.2114
6.21171
6.2114
6.2114
6.2114
6.2114
6.2114
6.26312
6.63495
6.63495
6.53389
7.54601
7.08386
7.08386
7.08386
7.08386
6.80011
6.80011
6.66397
7.29849
7.05502
6.84771
7.05502
7.05502
7.05502
7.05502
7.25651
7.25651
7.25651
7.09801
7.25651
7.04204
7.04204
7.02532
6.73674
6.73674
6.73674
6.72002
6.73674
6.73674
6.87053
6.85381
6.87053
6.72929
6.69989
6.84982
7.10132
7.09947
7.09947
6.68329
6.59257
6.81409
6.9603
6.98489
7.11171
7.11171
7.17068
7.41945
7.44989
7.7917
8.32938
8.52848
7.89121
8.46764
8.16753
8.21457
7.941
7.941
7.68707
8.15829
8.32561
8.32561
8.05836
8.08953
8.35729
7.84223
7.92692
7.92692
8.1774
8.1774
7.86183
8.09303
7.92289
7.92289
7.94557
7.74915
7.74915
7.74915
7.74915
7.74915
7.74915
7.75558
7.99316
7.98678
7.86058
7.52891
7.86058
7.52606
8.28957
7.74383
7.96827
7.9464
7.88291
7.93799
8.11286
7.88275
7.82229
7.73343
6.98335
6.98335
7.01874
6.98335
6.98335
7.01874
6.9177
6.9177
6.74633
6.74633
6.74633
6.82257
6.75522
7.09528
7.09528
7.09528
7.03826
6.8327
6.46898
6.46898
6.6708
6.46898
6.46209
6.46209
6.28836
6.28836
6.28836
6.28836
6.00739
6.02508
6.33844
6.06445
6.06445
6.06445
6.06445
6.25937
6.25937
6.25937
5.97197
5.97197
5.97197
6.16402
6.32613
6.32613
6.14915
5.79918
5.79918
5.79918
5.79918
5.83943
5.87591
6.07949
6.07817
6.19616
6.15135
6.19616
6.19616
6.19616
6.19616
6.19616
6.19616
6.19616
6.32005
6.32005
6.19616
6.19616
6.33833
6.31912
6.46045
6.21635
6.21635
6.21635
6.21635
6.35852
6.56559
6.4038
6.53589
6.59007
6.50189
6.67559
6.35054
6.35054
6.47469
6.45581
6.25697
5.86005
6.15247
6.09728
6.02942
5.57977
5.57977
5.57977
5.57977
5.64708
5.62873
5.57977
5.79764
5.83391
6.07559
5.94047
5.94047
5.97735
6.1656
6.25424
6.06643
6.36667
6.3193
6.94706
7.00346
7.00346
7.00346
6.8888
6.8888
7.14967
7.14967
7.14967
7.12687
7.12687
7.12687
7.12687
7.11006
7.11006
7.12687
7.11006
7.11006
7.13286
7.19276
7.19276
7.19146
6.76324
7.16709
7.34666
7.34666
7.10339
7.34009
7.33928
7.14307
7.28941
7.1714
7.03718
7.03718
7.093
7.093
7.093
6.97334
7.0963
7.0963
7.07719
7.55265
7.61298
7.61298
7.61298
7.61298
7.47704
7.12996
6.97697
6.97697
7.07973
7.07973
6.78769
6.90316
6.90316
6.82559
6.78928
6.76101
6.79328
6.79328
6.59731
6.73868
6.69577
6.75385
6.71476
6.66016
6.5601
6.51823
6.36199
6.36311
6.36199
6.42265
6.3829
6.36446
6.46938
6.7197
6.96269
7.02473
6.76211
6.58463
6.90561
6.73733
6.73845
7.04402
7.24488
7.04905
7.04163
6.93825
6.99529
6.77487
6.97584
6.72576
6.72576
6.7488
6.8509
6.8509
6.8509
6.80557
6.8558
6.66875
6.56264
6.68409
7.01934
7.49645
7.39195
7.39195
7.51879
7.51879
7.49919
7.49919
7.38303
7.38303
7.49919
7.36169
7.34242
7.39035
7.2185
7.15035
7.0329
7.15467
7.15467
7.39798
7.39798
7.39798
7.2619
7.73411
8.23606
7.67943
7.67943
7.6935
7.95728
8.0511
8.41743
8.41743
8.3665
8.3665
8.2171
8.47726
8.47726
8.47726
8.68669
8.54769
8.30011
8.07885
8.22527
8.06
8.31234
8.31234
8.31234
8.3057
8.3866
8.02314
7.647
7.47554
7.39003
7.15846
7.15652
7.06189
7.1465
7.1465
7.05327
7.044
6.89272
6.89272
6.89272
6.89272
7.0068
7.2857
7.2857
7.2857
7.26873
7.23794
7.25699
7.25699
7.25699
7.25699
7.1197
7.36035
7.8588
8.00999
8.00999
8.00999
8.00999
8.00999
8.00999
8.00999
8.81335
8.81335
8.81335
8.81335
8.77882
9.35796
9.08516
9.08516
9.58327
9.58327
9.58327
9.58327
9.64426
9.18333
9.18333
9.17216
8.6179
9.16535
9.28712
9.1336
8.92208
9.01886
8.82025
8.82025
8.90506
8.67469
8.7114
8.7114
8.20577
7.97162
7.97162
8.6774
8.6774
8.6774
8.67252
8.18986
8.29813
8.28395
8.28395
8.28209
7.8281
7.91917
7.41852
7.41852
7.41852
7.46543
8.18288
7.96173
7.87067
7.87067
8.14574
8.12673
7.83636
7.72122
7.40805
7.29103
7.40805
7.40805
7.40805
7.35699
7.35699
7.35699
7.35699
7.10958
6.37264
6.37264
6.32716
6.50994
6.56214
7.06469
6.40437
6.40437
6.39845
6.16876
6.33945
6.18697
6.41997
6.18971
6.39254
6.39254
6.39254
6.39254
6.23033
6.23033
6.3028
5.98821
5.73502
5.75415
5.75415
5.75415
5.75415
5.75415
5.81629
5.94529
5.97583
5.94181
5.92764
5.73044
5.73044
5.59697
5.46126
5.55747
5.56239
5.56239
5.90062
5.90062
5.90423
5.90423
5.63661
5.45453
5.17138
5.17138
5.17138
5.28517
5.17138
5.17138
5.16858
5.17138
5.17138
5.16858
5.05479
5.05479
5.05479
5.05479
5.05479
5.74106
5.04742
5.04742
5.04742
5.3429
5.66675
5.32543
5.32543
5.32543
5.57547
5.64975
5.26852
5.54289
5.21535
5.7458
5.64326
5.72522
5.65922
5.65922
5.49597
5.62472
5.57542
5.33826
5.02218
5.70625
5.20929
5.70625
5.58746
5.5486
5.58746
5.45314
5.45314
5.45314
5.43639
5.75462
5.68467
5.68467
5.87958
5.72372
6.31095
6.32876
6.26973
6.26973
6.2633
5.98005
6.23756
5.89947
5.52897
5.84301
5.41662
6.12733
5.8904
5.34987
5.34987
5.34987
5.34987
5.31554
5.34987
5.42478
5.41364
5.44427
5.44427
5.44427
5.58623
5.66871
5.67436
5.70476
5.41173
5.41173
5.41173
5.41173
5.22323
5.22323
5.57145
5.57145
5.54943
5.56971
5.59192
5.57164
5.59192
5.6256
5.76849
6.05397
6.17181
6.19103
6.02013
6.5077
6.47608
6.47608
6.67789
6.35174
6.13164
5.91149
5.56912
5.56912
5.56912
5.55136
5.54817
5.42731
5.42731
5.31056
5.42731
5.5808
5.5808
5.67801
5.67801
5.67801
5.67801
5.5555
5.82631
6.03428
6.25064
6.14887
6.5887
6.02364
6.20299
5.74888
6.11445
6.11445
6.06674
6.06674
6.15945
5.88717
6.00053
5.71057
5.82937
5.82937
5.75679
6.05501
5.91322
5.73384
5.73384
5.45065
5.26777
5.26777
4.91522
4.91522
4.91522
4.91522
4.91522
4.91522
4.91522
4.87489
4.82884
4.82884
4.77498
4.77498
4.77498
4.75744
4.75744
4.70496
4.67081
4.68542
4.77951
4.68542
4.68542
4.68542
4.68542
4.68542
4.64509
4.67236
4.67236
4.67236
4.67236
4.67236
4.66693
4.7995
4.76139
5.04894
5.03986
5.12415
5.02614
5.00992
5.00992
5.20215
5.06063
5.06063
5.06063
5.06063
5.04927
5.06063
5.06063
5.06063
5.06063
5.06063
5.04927
5.06063
5.06063
4.98396
4.98396
4.98396
4.98396
4.75985
4.93879
4.87213
5.39067
5.77495
5.35471
5.35471
5.06978
5.00845
5.06247
5.0368
4.95441
4.95441
5.01793
4.95441
5.1415
5.1415
5.05538
5.58364
5.33886
5.34239
5.32666
5.32666
5.18531
5.3978
5.61589
5.60352
5.3796
5.3796
5.3796
5.28155
5.28155
5.28155
5.33859
5.09224
5.60475
5.58748
5.58748
5.3964
5.37667
5.37667
5.28069
5.09224
5.07681
5.07681
5.11318
5.11318
5.11318
5.1127
5.11318
5.11318
5.11318
5.07581
5.07581
5.07581
5.17662
5.17432
5.08472
5.23365
5.23365
5.07569
5.06773
5.06773
5.06773
5.40968
5.06742
5.13958
5.31401
5.10764
5.10764
4.8903
4.8903
4.8903
4.84306
4.76623
4.76623
4.67051
4.80051
4.80051
4.72415
4.80051
4.80051
4.80051
4.80051
4.67889
4.67889
4.67889
4.67889
4.67889
4.70479
4.67889
4.75091
4.75091
4.75091
4.75091
4.75091
4.71487
4.71487
4.71487
4.71487
4.74919
4.9738
4.9738
4.9738
4.9738
4.9738
4.9738
4.9738
4.9738
4.9738
5.60268
5.31483
5.37544
5.54004
5.42038
5.54004
5.42038
5.56935
5.91436
5.97169
5.65121
5.65121
5.53215
5.3878
5.62705
5.62705
5.8277
5.6726
5.6726
5.6726
5.6726
5.63121
5.55672
5.4713
5.464
5.4713
5.59096
5.61766
5.61766
5.47032
5.83138
5.61361
5.49395
6.09083
5.816
5.76827
5.7301
5.77728
5.3961
5.3961
5.25542
5.1941
4.94757
4.94757
5.26414
5.13498
5.67811
5.67811
5.52388
5.77127
6.07781
6.06476
5.86866
5.86866
5.5402
5.45194
5.43053
5.35027
5.38453
5.45194
5.45194
5.59543
5.73083
6.07231
6.014
6.014
6.014
6.08616
5.91406
5.91406
5.91406
5.86326
5.86326
5.84607
5.92289
6.29593
6.44541
7.1349
7.2203
7.22026
7.05189
7.29776
7.18553
7.11835
7.11835
7.11835
7.3932
7.3932
7.36577
7.6738
7.7847
6.92476
6.92476
7.02052
7.3443
7.27028
6.71552
6.71656
6.70369
6.71626
6.70339
6.52975
6.48294
6.71826
6.53911
6.93179
6.99439
6.84334
7.0602
6.5405
6.69195
6.46086
6.48294
6.48294
6.44558
6.66516
6.53133
6.53133
7.62164
8.10193
8.13997
7.15655
7.15655
7.4221
7.4221
7.56832
7.93109
7.58623
8.3631
8.3924
7.4862
7.39163
7.39163
8.79996
8.80039
8.93218
8.72117
9.44178
9.61226
9.53938
9.13699
8.80041
8.57795
8.57795
8.55855
8.075
8.44044
8.07716
7.74772
7.74772
7.72112
7.72112
7.43835
7.36491
7.23063
7.72112
7.72112
8.12426
8.28101
8.57461
8.27303
7.9161
7.8524
8.15911
8.21903
8.50383
8.47689
8.14286
8.14286
8.12654
7.72872
7.72872
7.70273
7.72267
7.70273
7.71905
7.71905
7.65221
7.63628
7.80168
7.80168
7.78565
7.97973
7.92173
7.8751
8.15929
7.69633
7.69633
8.27115
8.27115
8.27115
8.27115
8.49421
8.87395
8.87395
9.18123
9.18123
8.96701
9.21354
9.07124
9.67004
9.5363
9.5363
9.54172
9.1538
8.83964
8.83964
8.71452
8.71452
8.48151
8.48151
8.50625
8.30388
8.30388
8.22897
8.39494
8.10399
8.18477
8.18477
8.50965
8.14024
8.14045
8.01661
7.74863
8.04494
8.04494
7.9066
8.84762
8.84762
7.84946
8.66143
8.64856
8.27269
8.86564
8.38227
8.38227
8.08718
8.08718
8.08718
8.08718
8.00003
7.88766
7.308
7.308
7.77842
7.77842
7.77842
7.77842
7.77842
7.66958
7.88766
7.93957
7.92381
7.65203
7.65203
7.65203
7.65203
7.65203
7.65203
7.38623
7.63798
7.58786
7.69213
7.7828
7.51432
7.59943
7.38913
7.70867
7.86569
7.86569
7.65505
7.60186
7.60186
7.30815
7.30815
6.83761
7.27227
6.74908
6.74908
6.60978
7.27202
6.96441
6.43647
6.71439
6.33744
6.31915
6.31915
6.31915
5.94288
5.93538
5.74168
5.71605
5.71605
5.71605
6.05492
6.05492
5.69607
5.71605
5.71605
5.87718
5.87718
5.67603
5.85463
5.6055
5.6055
5.66056
5.77774
5.79962
5.79962
5.85468
5.85468
5.88889
6.0014
6.0014
6.0014
6.0014
5.83728
6.0014
5.78615
5.70503
5.69854
5.63287
5.58207
5.54042
5.54042
5.54042
5.42263
5.54042
5.54042
5.54042
5.42263
5.29875
5.48615
5.48615
5.54042
5.65317
5.71338
5.87582
5.99791
5.78166
5.59518
5.42809
5.61747
5.85614
5.66909
5.79072
5.86972
6.00625
6.0199
6.103
5.84679
5.98718
5.86066
5.74527
5.532
5.87401
5.87401
5.87401
5.87401
5.87401
5.87401
5.98451
5.98451
6.07689
6.07689
6.30496
6.22839
6.0094
6.21431
6.201
6.201
6.18334
6.07264
6.201
6.40171
6.42677
6.18334
6.51275
6.4409
6.73107
7.12187
7.33279
7.15719
7.07508
6.89042
6.85886
6.49758
6.26492
6.39873
6.68609
6.64557
6.05857
6.05857
6.05857
6.65633
6.34018
6.34018
6.34018
6.59457
6.58559
6.58559
6.59457
6.59457
6.46509
6.09246
6.43043
6.43043
6.3494
6.3071
6.3071
6.3071
6.34151
6.328
6.328
6.328
6.328
6.00912
6.00912
6.328
6.23455
6.25335
6.29409
6.29409
6.29409
6.29378
6.29378
6.29378
6.29378
6.29409
6.29409
6.40325
6.44945
6.44945
6.34483
6.34483
6.2529
6.2529
6.37368
6.5871
6.47347
6.58819
6.44165
6.44165
6.44165
6.44165
6.39534
6.43757
6.45924
6.27125
6.778
6.778
6.778
6.79725
6.82625
6.82625
7.15426
7.00829
7.42065
7.11165
7.11165
7.11165
6.95102
6.95102
6.95102
7.11831
7.3977
7.22213
7.48882
7.21452
7.21452
7.22202
7.22202
7.32412
7.32412
7.42071
6.5226
7.47358
7.47358
7.47358
7.47358
7.43479
7.37068
7.20305
7.20305
7.22854
7.50375
7.50375
7.29605
7.29605
7.84866
8.19978
8.24126
7.92833
7.92833
8.07739
8.07739
8.23913
7.77526
7.77526
7.58023
7.54569
7.46985
7.52241
7.46985
7.92316
7.8909
7.73641
7.34537
7.34537
7.34537
7.15538
7.32997
7.08296
7.08296
7.30727
7.30727
7.3278
7.58616
7.62963
7.62963
7.30132
7.12065
7.62963
7.53588
7.62963
7.49258
7.49258
7.49258
7.60521
7.52405
7.52405
7.75931
7.90362
8.17571
8.13848
8.21056
8.37897
8.11212
8.33714
8.07445
7.88364
8.06074
8.52096
7.84732
7.94653
7.9366
8.42535
7.57579
7.53362
7.38047
7.38047
7.38047
7.38047
7.24793
7.12642
6.84242
7.33088
7.5276
7.40915
7.34212
7.75605
7.56821
7.4223
7.65637
7.67507
7.67507
7.67507
7.67507
7.67507
7.46046
7.24987
7.24987
7.35311
7.40809
7.0564
7.0564
6.94293
6.94293
6.89207
6.94293
6.91698
6.94293
6.91698
6.94293
6.94293
6.94293
7.18474
7.22421
7.2812
7.6845
7.79349
8.09401
7.8886
7.75233
7.75233
7.15135
7.10731
7.10731
7.10731
7.10731
7.10731
7.09118
7.09118
6.85219
7.09118
7.09118
7.09118
7.16888
6.96957
6.96957
6.90871
6.90871
7.18973
7.18973
7.12174
7.08864
7.12174
7.1205
7.11936
7.11936
7.12846
7.04869
6.95725
6.91172
7.37362
7.37362
7.34199
7.37362
7.58458
7.46597
7.04775
7.66422
7.6772
7.6772
8.2011
7.87561
8.18764
7.83829
8.63198
8.04878
7.72535
7.78645
8.0177
7.86657
7.99006
8.05229
8.21422
8.21422
8.04495
8.04495
8.04495
8.04495
8.04495
7.72476
7.72476
7.54714
7.54714
7.54714
7.30051
7.47813
7.32434
7.50658
7.22162
6.89045
6.89045
6.96162
6.99501
6.99501
6.60907
6.60932
6.85337
7.34427
7.20292
7.24252
7.18687
7.24956
7.04974
7.07505
6.99509
7.09894
7.12304
7.12019
7.40474
7.14419
7.14419
7.32938
7.32938
7.67509
7.55812
7.55812
7.35115
7.11811
7.11811
7.08307
6.8887
7.06586
6.8887
6.98769
6.96245
6.79575
6.8887
6.66901
6.16808
6.16808
6.16808
6.15842
6.16808
6.01405
5.55779
5.55779
5.54813
5.54813
5.54813
5.54813
5.54813
5.5357
5.5357
5.54813
5.77569
5.53313
5.78804
5.78804
6.0216
5.80304
5.80304
5.73017
5.77554
5.77554
5.79513
5.65924
5.9684
5.9684
5.95897
5.76879
5.83607
5.83607
5.83607
5.83607
5.83607
5.83607
5.83607
5.67427
5.67427
5.79784
5.87539
5.82725
5.87539
5.82583
5.82583
5.78155
5.78155
5.78155
5.78155
5.85554
5.95219
6.2596
6.37627
6.45051
6.53373
6.60001
6.71078
5.89502
5.89502
5.89502
5.55101
5.55101
5.55101
5.65531
5.65531
5.64522
5.65531
5.65531
5.65531
5.65531
5.65531
5.65531
5.43961
5.43961
5.65531
5.65531
5.65531
5.65531
5.65531
5.65531
5.62005
5.65531
5.62005
5.62005
5.53262
6.37866
6.23664
6.51071
6.71318
6.51071
6.56127
6.88863
6.88863
6.66782
6.55753
6.53157
6.18488
6.1646
6.06927
6.1646
6.43151
6.39106
6.4364
6.38308
6.29243
6.66789
6.55596
6.29509
6.29509
6.31335
6.31335
6.33345
6.52551
6.21447
6.83408
6.55967
7.0145
7.0459
7.31164
7.29801
7.20806
7.0897
7.00354
6.43217
6.43217
7.04149
6.88629
6.53469
6.53469
6.52466
6.30068
6.30068
7.53672
7.7607
7.74377
7.73858
8.03698
7.49884
7.86906
8.03452
8.03452
8.03452
7.97904
7.92655
7.9127
7.67855
7.45243
7.45243
7.45243
7.81217
6.81518
6.81518
6.81518
7.22304
7.31094
6.81518
6.81518
6.81518
6.81518
6.6792
6.62119
6.62119
6.62119
6.62119
6.62119
6.62119
6.55301
6.62119
6.56158
6.56915
6.72308
6.72308
6.42408
6.42408
6.42408
6.39193
6.42408
6.42408
6.71571
6.19815
6.25907
6.5368
6.56105
6.79649
6.79649
6.42005
6.42005
6.42005
6.42005
6.42005
6.38131
6.33623
6.33623
6.38131
6.08085
6.7526
6.75258
7.34115
6.64182
6.64182
6.64182
6.64182
6.60609
6.60609
6.83427
6.80517
6.79794
6.83168
6.82924
6.80611
6.74938
6.74938
6.74938
6.60124
6.13551
6.13551
6.13551
6.13551
6.43876
6.36106
6.18504
6.18504
6.4194
6.4194
6.4194
6.28771
6.28771
6.07187
5.59867
5.59867
5.90605
5.78713
5.74708
5.78713
6.17088
6.30774
6.13966
5.95973
5.96921
6.08127
6.62333
6.31984
6.0804
6.26491
6.249
6.249
6.15429
6.17974
5.95629
5.84786
5.84786
5.95814
5.84786
5.84786
5.92937
5.92937
6.01221
6.52574
6.15293
6.04404
6.22797
5.96104
5.87378
6.84094
6.84971
6.94597
6.94597
6.94597
6.94597
8.17298
8.10189
7.67229
6.43693
6.43693
6.67436
6.67436
6.66874
6.66874
6.59446
6.59446
6.59446
6.57686
6.57686
6.57462
6.45572
6.41621
6.39456
6.41621
6.41621
6.57904
6.57904
6.85198
6.90884
6.71202
6.62566
6.51873
6.46195
6.46195
6.43022
6.70139
6.65684
6.66985
6.68209
6.68209
6.68209
6.63114
6.7106
6.63114
6.58325
6.5627
6.23143
6.23143
6.23143
6.23143
6.23143
6.23143
6.21812
6.21812
6.21812
6.21812
6.04375
5.82691
5.8541
5.8541
6.01838
6.13188
6.00799
5.82691
5.82691
5.81156
5.95755
5.93545
6.30991
6.11861
6.28233
6.29224
6.41871
6.36088
6.10836
6.03275
6.03275
6.18097
6.18097
6.18775
6.17799
6.17799
5.75981
6.12908
6.19444
6.15001
6.15001
5.9928
5.88509
5.80156
5.80156
5.81613
5.9506
5.68424
5.9506
5.9506
5.9506
5.9506
5.71806
5.39543
5.71806
5.71806
5.71806
5.87133
5.87133
6.24906
5.71806
5.72977
6.02803
5.66086
5.83144
5.83144
5.83144
5.78368
5.86464
5.76437
5.73382
5.73382
5.73382
5.73382
5.73382
5.68101
5.68101
5.64245
5.67902
5.53213
5.53213
5.53213
5.53213
5.53213
5.53213
5.53213
5.53213
5.53213
5.53213
5.53213
5.53213
5.57334
5.57334
5.57334
5.57334
5.57334
5.57334
5.53902
5.82975
5.70623
5.53987
5.57334
5.61042
5.61042
5.61042
5.96788
5.96788
5.6502
5.45036
5.35297
5.69124
5.78534
5.50725
5.50725
5.50725
5.50725
5.50725
5.50725
5.66321
5.86911
5.86911
5.99513
5.87156
5.87156
5.87156
5.87156
5.99513
5.99513
5.99513
5.6911
5.6911
5.85018
5.85018
5.85018
5.85018
5.74836
5.74836
6.25392
6.10261
6.47025
6.47025
6.15169
6.81323
6.77516
6.60239
6.58405
6.58405
6.54003
6.54003
6.90446
7.08654
7.07475
7.2488
7.2488
7.07566
6.64202
6.64202
6.64202
6.64202
6.65658
7.37279
7.53028
7.33209
7.8955
7.88725
7.97917
7.9019
7.9019
7.9019
7.83395
8.2936
8.08683
8.39365
8.2295
7.81107
7.81107
7.96585
8.21872
8.27693
8.27693
8.43414
8.43414
8.51247
8.59869
7.76768
7.67854
7.76768
8.28546
8.37418
8.17286
8.17286
8.27048
7.5563
7.92945
7.62351
7.38344
7.54762
7.48698
7.48698
7.21782
7.48016
7.46633
7.232
6.71457
7.32382
7.27656
7.37434
7.13891
7.13793
7.35936
7.32132
7.30299
7.22634
7.1899
7.1899
6.89065
7.22523
7.14016
7.14016
7.14016
7.14016
7.14016
7.27987
7.09446
7.23109
7.23109
7.52323
7.81854
7.55313
7.47242
7.53362
7.1992
7.42843
7.42843
7.42843
7.52333
7.09484
7.61197
7.52366
7.42195
6.83447
6.83447
6.51632
6.35803
6.70916
6.62678
6.6045
6.53075
6.27271
6.27271
6.27271
6.27271
6.27271
6.27271
6.24121
6.20757
5.66928
5.66928
5.66575
5.66575
5.66928
5.66928
5.65467
5.87284
5.87284
5.87284
5.65467
5.87284
5.87284
5.87284
5.87284
5.87284
5.87284
5.87284
5.87284
5.87284
5.90434
5.90434
5.90434
6.47597
6.34938
5.70428
5.94058
5.94058
5.72676
5.70428
5.72676
5.70428
5.70428
6.01326
6.01326
6.22952
6.44503
6.44503
6.46817
6.46817
6.37319
6.40687
7.07437
6.88772
6.87898
6.39768
7.13709
6.8745
6.39768
6.39768
6.39768
6.39768
6.39768
6.39768
6.39768
6.39768
6.39768
6.36141
6.4708
6.4708
6.4708
6.4708
6.46576
6.27328
6.4708
6.67776
6.67776
6.6386
6.31167
6.58018
6.58018
6.42705
6.42705
6.39337
6.569
6.569
6.16228
6.00896
5.93593
5.93593
6.00896
6.00405
6.0549
6.02122
6.02122
6.02122
6.00899
6.02122
6.02122
6.12106
6.39446
6.51384
6.72122
6.19901
6.19901
6.52325
6.48063
6.17845
6.29698
6.42314
6.19322
6.23749
6.23749
6.23749
6.15238
6.23749
6.00264
6.00264
6.00264
6.00264
6.00264
5.94146
6.01431
6.4061
6.4061
6.34005
6.34005
6.34005
6.34005
6.22917
6.22917
6.24396
6.15546
6.24396
6.24396
6.78517
6.78517
6.79506
7.00786
7.6151
7.37238
7.18314
7.03335
6.94921
6.77507
6.70459
6.70459
6.70459
6.50602
6.51595
6.51595
6.73194
6.4861
6.67455
6.67424
6.46849
6.46849
6.60086
6.05779
5.95367
5.95367
5.83103
5.97565
5.75298
6.08171
5.69942
5.69942
5.74124
5.74124
5.70433
5.70433
5.70433
5.70433
5.6358
5.64014
5.64014
5.69942
5.6358
5.6358
5.63771
5.63771
5.42836
5.54674
5.46303
5.39993
5.19762
5.3135
5.3135
5.5935
5.55012
5.34224
5.30167
5.30167
5.27851
5.30167
5.30358
5.28042
5.24092
5.2465
5.30167
5.33755
5.33564
5.33564
5.33564
5.36707
5.32622
5.32622
5.32622
5.32622
5.32622
5.32622
5.32622
5.23934
5.66498
5.78886
5.78886
5.71459
5.71459
5.33938
5.30111
5.39315
5.66498
5.41903
5.03155
5.03155
4.99328
4.99328
4.99328
5.11717
5.11717
5.11717
5.11717
5.03155
5.11717
5.05458
5.05458
5.05458
5.05458
5.05458
4.9307
5.07218
5.07218
5.07218
5.07218
5.07218
5.31871
5.19607
5.19607
5.19607
5.19607
5.19607
5.19607
5.43969
5.56777
6.02122
5.60649
5.95512
5.90401
5.90401
5.90401
5.90401
6.01457
6.01457
6.01457
5.90401
5.90401
6.01457
6.01457
6.01457
6.17649
6.51249
6.78422
6.77043
6.55023
6.55023
6.51352
6.51337
6.48216
6.34929
6.48216
6.25822
6.40618
6.40618
6.40618
6.40522
6.21723
6.21723
6.21723
6.38213
6.8672
6.2555
6.2555
6.04607
6.2555
6.57634
6.72791
6.62491
6.62491
6.94156
6.66304
6.67868
6.86126
6.95234
6.95234
6.9707
6.9707
6.8487
6.60551
6.10179
6.10179
6.10179
6.10179
6.09998
5.89187
5.89187
5.89187
6.10179
5.8743
5.8743
5.8743
5.8743
5.89187
6.70818
7.44078
7.18158
6.6431
7.18406
7.18406
7.55455
7.53598
7.46771
7.80249
7.917
7.70716
7.34854
7.34854
7.90313
7.99095
8.49557
7.97885
8.4709
8.46986
8.46986
8.25956
8.6728
8.99954
9.11689
7.92347
7.92347
7.83731
7.83731
7.83565
7.82277
7.83565
7.80566
7.93552
7.87843
7.50651
7.94185
7.91463
8.36619
8.36619
8.62758
8.3925
8.19366
8.19366
8.19366
8.72653
8.57298
7.70753
7.70753
7.70753
7.70753
7.70753
7.70753
7.07981
7.63987
7.62158
7.63903
7.33759
7.23187
6.62896
6.42699
6.43442
6.80888
6.97691
6.61267
6.17735
6.32089
5.9161
5.9161
5.9161
5.9161
6.27116
5.94803
5.94803
6.30472
5.89734
5.89734
5.89734
5.89734
6.04034
5.89734
6.31044
5.75517
6.09336
6.21783
6.21783
6.11233
6.11233
6.17321
6.19197
6.31732
6.56576
6.94718
6.95714
7.16407
6.77648
6.53855
6.24647
6.23003
6.80773
6.5195
6.5195
6.51654
6.35974
6.51063
6.516
6.73119
6.28676
6.39172
6.37557
6.37557
6.24263
6.24263
6.44978
6.38738
6.61195
6.56072
6.31858
6.34155
6.38911
6.38911
6.56113
6.56113
6.38911
6.35761
6.35761
6.672
6.672
6.9273
6.9273
6.52646
6.52646
6.52646
6.52646
6.52646
6.81176
6.77624
6.66262
7.62482
7.55154
7.35126
7.32069
7.46323
8.09892
7.91304
7.64895
7.34303
7.52073
6.61564
6.61564
6.61564
6.61564
6.52458
6.75581
6.80652
6.46769
6.46769
6.46769
6.60064
6.60064
6.60064
6.54798
6.54798
6.54798
6.60064
6.60064
6.54798
6.49526
6.33584
6.49155
6.54422
6.25174
6.23698
6.23698
6.16648
6.23698
6.29556
6.26899
6.29556
6.24108
5.56229
5.72217
6.08585
6.08585
6.14536
6.23147
6.03824
6.04804
5.92416
5.92416
5.92416
5.92416
5.92416
6.04804
6.04804
6.04804
6.04804
6.04804
5.92416
6.04804
6.04804
6.68246
6.93698
6.93698
6.90121
6.90121
6.97527
6.97527
6.87229
6.87229
6.97527
6.97527
6.55957
6.64368
6.62055
6.80664
6.79948
6.75375
6.79948
6.79948
6.34132
6.34132
6.34132
6.34132
6.64159
6.64159
6.64159
6.64159
6.64159
6.64159
6.56597
6.80177
6.87289
6.87289
6.76211
6.76211
7.17758
7.17758
6.85273
6.3601
6.36679
6.51549
6.25652
6.32354
6.32354
6.32354
6.32354
6.24884
5.98169
5.84685
5.9673
5.9673
5.90473
6.36586
6.36586
6.08555
6.40897
6.49332
5.93404
7.01341
7.01341
7.01341
6.92235
6.79654
6.73769
6.98208
6.92265
7.02669
7.02669
7.02669
7.02669
7.53392
7.46981
7.53392
7.24274
7.24274
7.34317
8.23785
8.48674
8.57307
8.3952
8.3952
8.68751
8.64993
8.53825
7.20091
7.81014
8.44803
7.16476
7.1639
7.44417
7.56215
7.56215
7.76235
7.74727
7.43928
7.43928
7.73346
7.58742
7.14885
6.80373
6.80373
6.82192
6.99821
6.84505
6.84505
6.84505
6.93485
6.828
6.51757
6.51757
6.51757
6.51757
6.94315
6.91643
7.05509
7.05509
7.05509
6.56327
6.56327
6.43425
6.43425
6.43425
6.43425
6.43294
6.40958
6.43425
6.43425
6.43425
6.43425
6.38179
6.38179
6.50472
6.26513
6.47604
6.58515
6.73764
6.73764
6.54813
6.54813
6.54813
6.54813
6.42425
6.54813
6.5379
6.42425
6.67061
6.60959
6.61612
6.61612
6.53976
6.64157
6.6
6.6
6.5923
6.63011
6.90093
6.90093
6.71872
6.71872
6.71872
6.77528
6.83357
6.55715
6.55715
6.55715
6.72585
6.85306
7.07128
6.99007
7.05998
7.05998
6.61947
6.61947
6.61947
6.61947
6.56173
6.61827
6.58994
6.67561
6.47514
6.46434
6.51239
6.19257
6.14667
6.52358
6.4851
6.36581
6.33535
6.33535
6.30469
6.30469
6.21959
6.16592
6.30469
6.20476
6.1619
6.08651
6.0816
6.27563
6.08165
6.27563
6.27563
6.07256
6.07256
6.07256
5.73815
6.04091
5.68127
6.19123
6.4583
6.44593
6.44593
6.37665
6.02171
6.36465
6.36465
6.36465
6.36465
6.35822
5.90619
5.90619
5.90619
5.90619
6.29336
6.50539
7.07358
7.11115
7.11115
7.05185
7.11115
6.85462
6.85462
6.87058
6.87058
6.5711
6.5711
6.5711
6.21027
6.21027
6.21027
5.82989
5.76517
6.06863
6.24134
6.48759
6.46697
6.7314
6.7314
6.6216
5.90296
6.14274
6.01454
6.01454
6.01454
6.01454
6.01454
6.10135
5.8933
5.8933
6.39106
6.15385
6.15385
6.10636
6.10636
6.10636
6.10636
6.10636
6.10636
5.9933
5.9933
5.84569
5.84569
5.84569
5.97654
6.31849
6.13237
6.1658
6.15713
5.7988
5.7988
5.7988
5.7988
5.7988
5.7988
5.7988
5.7988
5.7988
5.7988
5.75174
5.75174
5.75174
5.40263
5.40263
5.48771
5.48771
5.48771
5.34188
5.34188
5.34188
5.34182
5.34188
5.34188
5.34188
5.23976
5.23976
4.97626
4.97626
5.06982
4.82329
4.85237
4.97626
4.94717
4.94717
4.94717
5.05834
4.97626
5.0993
5.0993
5.0993
5.0993
4.97541
4.97541
4.97541
4.97541
5.30132
5.30132
5.30132
5.30132
5.68949
5.68949
5.55072
5.55072
5.45531
5.45531
5.45531
5.45531
5.45531
5.45531
5.84204
5.84204
5.84204
6.09865
5.84204
5.84058
5.84058
5.84058
5.84058
6.01716
6.46484
6.75553
6.90103
7.15611
6.69714
7.29062
7.41263
7.25664
6.51104
7.15256
6.87365
7.44721
7.78141
7.61248
8.14968
7.78379
7.76489
7.76489
7.79467
7.78502
7.57537
7.27872
7.27872
7.09456
7.37149
7.31175
7.36214
7.48379
7.10712
7.08673
7.08673
6.8426
6.8426
6.8426
6.81516
6.8426
6.8426
6.81516
6.81516
6.81516
6.93665
6.97661
7.19116
6.95104
6.90179
6.83439
6.81786
6.72417
6.75505
6.72417
6.28327
6.34911
6.40035
6.12979
5.91783
6.00293
6.06902
6.06902
6.14363
6.10211
6.10211
6.10211
6.10211
6.09676
6.09676
6.10212
6.13551
6.13551
6.13551
6.13551
6.08427
5.90928
5.90928
5.97152
5.97152
5.97152
5.82415
5.90812
6.03213
6.03272
6.03272
6.60881
6.62934
6.50966
6.65207
6.39959
6.39959
6.56793
6.23171
7.12917
6.62845
6.62845
6.57275
6.88299
6.88779
6.85676
6.76564
6.76564
6.76564
6.76564
6.76564
6.76564
6.9289
7.09245
6.98644
7.0566
6.90106
6.99461
7.13962
7.13962
7.75494
6.96453
6.96453
6.96453
6.67772
6.67772
6.52865
6.52865
6.52865
6.52865
6.52865
6.4249
6.48324
6.62563
6.58151
6.31386
6.55238
6.24978
6.24978
6.34084
6.34084
6.35002
6.80325
6.80325
6.81501
8.02103
8.47527
7.79305
8.47527
8.27382
8.13312
9.05065
8.31393
8.31393
8.50904
8.80848
8.64473
7.84198
7.84198
8.2027
8.46834
8.4562
7.84631
7.53708
7.17823
7.57087
7.61734
7.84819
7.68134
7.64641
7.68107
7.68862
7.53946
7.47184
7.47184
7.15993
7.09026
7.05914
7.14282
6.77967
6.6905
6.6905
6.6905
6.6905
6.6905
6.6905
6.6905
6.44164
6.21463
6.0262
5.9411
5.96537
6.22307
6.22307
6.60731
6.84209
6.57127
6.24504
6.24504
6.24504
6.75086
6.93031
7.06948
6.70406
6.70406
6.33747
6.53065
6.77504
6.77504
6.77504
6.77504
6.77504
6.60812
6.67809
6.38393
6.38393
6.38393
6.38393
6.38393
6.38393
6.38393
6.38393
6.38393
6.38393
6.38393
6.31318
6.38393
6.38393
6.38393
6.38393
6.24899
6.30873
6.12211
6.12211
6.12211
6.12211
6.1254
5.57753
5.95008
5.95008
6.03364
5.95008
5.98467
5.6856
5.61211
5.61211
5.73086
6.11705
6.41109
6.41109
6.41109
6.25514
6.51135
6.14906
6.14777
6.14777
6.14777
6.39028
6.24436
6.39028
6.30087
5.70587
5.83586
6.17779
5.90069
6.27553
6.27553
6.73951
6.72626
6.69137
6.50175
6.50175
6.79174
6.50391
6.67107
6.67107
6.96693
7.08033
7.08033
6.51055
6.51055
6.51055
6.51055
6.3045
6.24789
6.24789
6.41533
6.42649
6.91071
6.44314
7.54033
7.24073
7.85112
8.07018
7.63486
8.42436
7.92708
7.92708
7.90578
8.05479
8.05479
8.05479
7.30042
7.42635
7.23197
7.58416
7.57241
7.52948
7.52948
7.52948
7.52948
7.52948
8.09344
8.09344
8.07802
8.07802
7.81622
7.81622
7.51499
7.51499
7.51499
7.19856
7.65322
7.70316
8.02177
7.32877
7.32877
7.32877
7.096
7.096
7.096
7.46425
7.21896
7.21896
7.46425
7.21896
7.10706
7.05875
6.73499
6.92628
7.71878
7.40081
7.42515
7.54257
7.52402
7.80811
7.80811
7.87996
7.87996
7.90754
7.82891
7.43459
7.72325
7.77231
7.6855
7.62688
7.50584
7.44722
7.44722
7.39869
7.39869
7.25138
7.25138
7.25138
7.40568
7.32138
7.89962
8.12276
8.58518
8.58518
9.12846
8.89375
8.97441
9.11316
9.16717
9.16717
9.16717
9.16717
9.0556
9.0556
9.0556
9.43554
9.43554
9.35753
9.29693
8.95706
8.95706
8.95706
8.92894
8.70542
8.70542
8.06439
8.06439
8.97248
8.74155
8.62993
8.7215
8.92171
9.1061
8.80579
8.80579
9.08892
8.46278
8.45343
8.45343
8.43049
8.148
8.148
8.00513
7.8508
7.8508
7.88248
7.88833
7.87379
7.56689
7.56689
7.6878
7.20809
7.20809
7.20809
7.24036
7.01092
7.00517
7.04514
6.79497
6.71401
6.56826
6.70974
6.2746
6.51972
6.13685
6.13685
6.13685
6.13685
6.13685
6.13685
6.13685
5.90967
5.90967
5.90967
5.90967
5.90967
5.90967
5.90967
5.90967
5.90967
5.81162
5.72415
5.81162
6.04591
6.03355
6.19756
6.30796
6.34957
6.26209
6.2072
6.22368
6.22368
5.94672
6.1362
5.94672
5.94672
5.94672
6.58755
6.38643
6.0955
6.41723
6.41723
6.31383
6.75665
6.94123
6.91076
6.91076
7.47715
7.62835
7.57602
7.37422
7.50305
7.53611
7.25148
7.24819
7.60175
6.93956
7.44305
7.35543
7.68565
7.704
7.20979
7.20979
7.33336
7.26111
7.2366
7.30876
6.99646
7.23284
6.9943
7.16068
7.01748
6.94532
6.99874
6.99874
6.78463
6.78463
6.78463
6.56002
6.52167
6.78463
7.1429
6.83567
6.83567
6.83567
6.38196
6.25052
6.25052
6.25052
6.23145
6.23145
6.42783
6.43208
5.91217
5.91217
5.91217
6.5079
5.90819
6.84898
6.17887
6.78538
6.78538
7.0571
7.1397
7.41608
7.18362
7.97151
7.75086
8.1228
8.08655
7.68616
7.11901
8.32106
7.40148
7.57895
7.74973
7.52811
7.61642
7.61642
7.61347
7.99669
8.19852
7.72036
7.54116
7.54116
7.87062
7.87062
7.75334
8.34516
8.36764
8.45652
8.50707
7.96054
7.79842
8.3308
8.12885
7.85818
7.43716
7.43716
7.18725
7.19063
7.06946
6.83202
6.69981
6.49596
6.25788
6.37754
6.35663
6.35663
6.22612
6.18096
5.93443
5.93443
6.18096
6.18096
6.32605
6.23698
6.23698
6.23698
6.23698
6.29171
6.0466
6.0466
6.3528
6.3528
6.18137
6.28518
6.40906
6.46141
6.39756
6.58669
6.4687
6.4687
6.27803
6.29721
6.42109
6.42109
6.4199
6.4199
6.52491
6.64095
6.46512
6.46512
6.63416
6.63416
6.63416
6.63416
6.56536
6.56536
6.69646
6.41094
6.37213
6.37213
6.31186
6.12441
6.05084
5.95648
5.90433
6.04995
6.29081
6.07913
6.07913
6.27371
6.22621
6.22621
6.18947
6.35776
6.18947
5.97918
5.97918
5.97174
6.03059
6.04537
5.82202
5.83592
5.83592
5.90223
5.85362
5.70539
5.60633
5.60633
5.70539
5.91407
5.95745
5.95745
6.10758
5.92417
5.88778
5.63545
5.91847
6.19252
5.96644
6.88808
6.76699
6.82188
6.86977
6.79749
7.13928
7.13928
6.94844
6.94844
6.82565
6.83929
6.50089
6.50089
6.99767
6.99767
6.99767
6.90272
7.1112
6.21329
6.21329
6.21329
6.21329
6.22476
6.57656
6.57656
6.78908
7.1579
6.73988
6.84014
6.84494
6.86858
6.8451
6.8451
6.47118
6.47118
6.84404
6.84404
6.83748
6.59572
6.59572
6.76271
6.5775
6.69559
6.69559
6.69559
6.4981
6.64476
6.57139
6.89144
6.61988
6.71835
6.68855
6.68855
6.68855
6.57346
6.22839
6.22839
6.22839
6.83061
6.67147
6.67147
7.14791
7.42046
7.12932
7.08128
7.40239
7.1114
7.36928
7.48199
7.3194
7.3194
7.3194
7.93566
7.57493
8.31336
8.55111
9.03161
8.80574
8.85158
7.78175
7.63085
7.55211
7.817
7.97998
7.77304
7.69648
6.94949
6.93097
7.15176
6.94949
6.85937
6.85937
6.57806
6.5128
6.52013
6.65922
6.59329
6.50254
6.64138
6.25564
6.50318
6.45469
6.5908
6.29422
6.3866
6.3866
6.12285
6.00214
6.12285
7.0124
6.99124
7.07717
7.21997
7.68414
8.02702
8.0758
8.0758
8.13075
8.83455
8.40615
8.74063
8.74063
8.41912
8.41912
8.4953
7.76238
7.76238
8.01351
7.95976
8.21176
8.2064
7.69698
7.69698
7.93378
7.97281
7.64072
7.83209
7.83209
7.36492
7.3027
7.69885
7.64143
6.93698
6.87956
6.84506
6.72941
6.69491
6.69491
6.69491
6.6668
6.6668
6.48004
6.54627
6.54627
6.55697
6.24161
6.44813
6.55697
6.5367
6.48902
6.37274
6.58803
6.60173
6.69771
6.69771
6.60173
6.69039
6.69039
6.46911
6.74641
6.67778
6.97939
6.69129
6.69129
6.69129
6.1207
6.07379
6.22292
6.22292
6.22292
6.22292
6.07379
6.22292
6.07379
6.07379
6.22292
6.02595
6.02595
5.87342
