31.7098
31.7098
29.0574
28.0845
25.8361
24.6168
24.0664
24.6501
25.0514
23.7255
23.6361
24.2424
25.9476
22.2732
24.0321
23.6679
24.09
22.2294
23.5367
24.2989
23.3391
23.7844
22.3874
22.0293
22.6781
22.4256
20.5797
18.5975
17.9894
18.4188
18.6292
18.6292
18.2477
18.2477
17.7927
17.7927
17.4385
17.8474
17.4364
17.2628
17.4364
17.861
18.1997
17.2945
16.0557
16.5079
15.6417
15.2962
16.0404
15.8914
14.737
14.1325
14.1325
13.2689
12.9689
12.9689
12.9689
12.8721
12.8721
12.8537
13.4308
13.1106
12.5403
12.7234
12.7234
13.1475
13.1475
13.2937
13.1475
14.0183
13.7178
13.6701
12.8143
12.7952
12.7952
12.7952
12.6668
12.6668
12.5696
12.4943
12.1815
12.206
12.1815
12.1815
12.1815
12.0388
12.1615
12.1615
12.1615
12.0367
12.1615
12.1615
12.1615
12.1682
12.1682
12.6348
13.861
13.6784
12.5085
13.6784
12.6475
12.5655
12.3828
12.3828
12.0178
11.8758
11.6123
11.6123
11.3361
11.212
11.5817
11.212
11.2512
11.2512
11.5454
11.4314
11.9157
11.0947
11.0947
11.0947
10.9436
10.9436
11.1048
11.1048
10.6017
10.6017
10.6017
10.6017
10.6017
10.6015
10.6015
10.4205
10.4007
10.4007
10.4005
10.4007
10.4007
10.2732
9.8047
9.57729
9.57729
9.41378
9.58164
9.41378
9.41378
9.41378
9.41378
9.55091
9.41378
9.41378
9.41378
9.41378
9.41378
9.41378
9.41378
9.41378
9.41378
9.41378
9.41378
9.70257
8.75251
10.7149
10.8974
10.6279
10.3727
10.3596
10.3503
9.47745
9.56791
9.56791
9.70502
9.25622
9.25622
9.25622
9.25622
9.67192
9.25622
9.25622
9.25622
9.904
9.25622
9.25622
10.4342
9.66168
10.0867
10.1056
9.57048
10.1056
10.1056
10.1056
10.3511
10.3404
10.3116
10.3116
10.3116
9.95139
9.86342
9.86219
9.86342
9.86342
9.86342
10.0308
10.0307
10.248
10.0307
9.85764
9.96004
9.85764
10.1639
10.1639
9.85764
9.85764
9.93314
9.93314
9.93538
9.93314
9.93314
9.31022
9.31022
9.59111
9.59111
9.41308
9.41308
9.41308
9.41308
9.53564
9.35716
9.53564
9.53564
9.52556
9.53519
9.53519
9.53519
9.53564
9.53564
9.70025
10.3236
9.91225
9.91225
9.91225
10.2719
9.88011
9.88011
9.82162
10.47
10.47
10.339
10.339
10.6536
10.3378
9.67173
9.45403
9.45403
9.45403
9.24884
9.28006
9.92953
8.41639
8.41639
9.19137
9.19137
8.88115
8.88115
8.64772
8.22385
8.80904
8.22385
8.22385
8.22385
8.54875
8.22385
8.22385
8.54875
8.54875
8.54875
8.83601
8.68235
8.68235
9.19187
10.1284
9.25358
8.85826
8.85826
8.85826
8.45504
8.45504
8.45504
8.45504
9.30875
9.564
9.48581
9.48581
9.18306
9.006
9.01212
9.006
9.01212
9.00645
9.00645
9.18317
9.18317
9.18317
9.18317
9.0982
9.14801
8.96241
8.96241
8.96241
8.86153
8.86153
8.86153
8.59017
8.59017
8.59017
8.59017
8.59017
8.45504
8.59017
8.59017
8.86153
8.59017
8.59017
8.59017
8.59017
8.59017
8.59017
8.59017
8.59017
8.59017
10.4547
9.96957
10.0142
9.84685
9.88544
10.8422
9.88478
9.03965
9.03965
9.5387
9.5387
9.52788
8.70747
9.33163
9.33163
9.26261
9.26261
9.81515
9.93285
9.5215
9.50784
9.50784
9.49175
9.49175
9.3967
9.08839
9.0723
9.0723
9.0723
9.0723
8.84358
9.0723
8.84358
9.07233
8.76684
8.11645
8.11645
8.11645
8.11645
8.30649
7.86832
8.04281
8.00445
8.04281
7.85089
7.44543
7.44543
7.44543
8.29853
8.22983
9.31728
9.79043
9.79043
9.79043
9.79043
9.79043
9.33652
10.1309
9.9541
9.9541
10.2748
10.2748
10.2748
10.2748
9.85845
10.6266
10.6093
10.6093
10.6093
10.1311
10.1311
10.1311
10.1025
9.93232
9.7381
9.44931
9.58494
9.58494
9.2364
9.44931
9.44931
9.43044
9.43044
9.43044
9.43044
9.24251
9.24251
9.24251
9.26343
9.26343
8.85071
8.85071
8.85071
8.85071
8.50495
8.50495
8.5283
8.16418
7.25949
7.25949
7.25949
7.25949
7.90333
8.0338
7.25949
7.25949
8.03896
7.73821
7.73821
7.73821
7.78351
7.78351
7.78351
7.16803
7.16803
7.53187
7.49651
6.70379
6.70379
6.70379
7.24074
7.24074
6.56816
6.70379
7.31595
6.97362
6.97362
7.51057
7.31595
7.24995
7.24995
8.08003
8.08003
8.5331
8.5331
8.5331
8.5331
8.53079
8.46315
9.30559
9.30559
8.58716
8.58716
8.58716
9.29815
8.90237
9.29815
9.36222
9.42814
9.58694
9.49221
9.49221
9.76311
9.76311
9.10265
9.63785
9.63785
9.63785
9.87786
8.4924
8.4924
8.4924
8.4924
8.42687
8.63791
8.63791
9.05055
8.9017
8.9017
9.18178
8.9017
9.07603
9.07603
9.07603
8.65668
8.90698
8.90698
8.96297
8.58706
7.70771
8.21423
7.41758
7.41758
7.3318
7.3318
7.79349
7.53579
8.23137
8.14558
8.14558
8.14558
7.85679
8.1496
8.1496
9.23044
8.74354
8.51561
8.51561
9.02248
9.319
8.74861
8.74861
8.74861
8.54655
8.74861
9.00966
8.97754
8.39697
8.42987
8.42987
8.35969
8.35969
8.35969
8.03664
8.03664
9.19934
9.19934
9.16217
8.51088
9.16217
9.16217
9.29016
8.712
8.51733
8.43832
8.43832
8.43832
8.43832
8.43832
8.3285
8.3285
7.95358
7.95358
7.93261
7.93261
7.93261
7.93261
7.93261
7.93261
7.91947
8.01958
9.02599
8.21987
8.6191
8.6191
8.24978
8.24978
8.24978
9.09098
9.23649
9.9098
9.25329
9.99118
10.5884
9.87121
9.82337
9.17801
8.77507
8.68387
8.80041
8.58083
8.22522
8.22522
8.58083
8.58083
8.20274
8.4246
8.4246
8.4246
8.58083
8.6738
8.65281
8.58083
8.58083
8.58083
8.31489
8.31489
8.04506
8.04506
9.73876
9.40065
8.99243
8.90704
8.90704
8.90704
8.69862
8.69862
8.69862
8.99243
8.94432
8.99243
8.99243
9.07162
9.07162
9.07162
8.77611
8.27357
7.97815
8.65779
8.39342
9.24235
8.4331
9.27013
8.67193
8.90132
8.67193
8.67193
8.67193
8.92762
8.92762
8.92667
8.92762
8.92762
8.76502
8.76502
9.13279
9.13279
9.14315
9.22707
9.8227
9.61717
9.61717
9.61717
8.98348
9.21924
9.21924
8.60302
8.83877
8.60302
8.62317
8.60302
8.60302
8.60302
8.60302
8.60302
8.83877
9.04788
8.44225
9.48839
9.48839
8.82206
8.82206
8.76308
8.76308
8.72614
8.67905
8.67905
8.52447
8.40967
8.39291
8.37853
8.38942
8.38942
8.38942
8.38942
8.38942
8.38942
8.38942
8.38942
8.38942
8.38942
8.01239
8.01239
7.89883
7.77663
7.77906
7.77906
7.77906
7.77906
7.77906
7.77906
7.77906
7.77906
7.90182
7.90182
7.88439
7.88439
7.73809
7.73809
8.51874
9.58836
9.58836
8.50751
8.50751
9.61382
9.61382
9.08597
8.43032
8.60966
8.20003
8.20003
9.28362
8.76213
8.60864
8.60864
8.60864
8.62729
9.06455
8.73736
10.0712
9.17496
8.86559
8.75384
8.96501
8.86559
8.86559
9.17496
8.87176
8.87176
8.61064
8.95799
8.95799
8.95799
8.43738
8.43738
8.43738
8.43614
8.43738
8.43738
8.61029
8.22528
8.22528
8.22528
8.61728
8.61728
8.70445
7.75469
7.75469
7.64873
7.97028
8.44659
7.79094
7.79094
7.79094
7.79094
8.01258
8.01199
7.97242
7.97242
7.97242
7.78602
7.78602
7.78602
7.78602
7.10814
7.10814
7.10814
7.10814
7.39694
7.39694
8.06693
8.67439
7.51514
8.65568
7.83627
7.83627
7.51514
7.51514
7.56665
7.56665
7.92506
8.68251
8.68251
8.49393
8.49393
8.7502
8.74901
8.26324
7.76041
8.72314
8.55877
8.55877
8.55877
8.55877
8.02523
7.8824
8.02523
8.02523
8.02523
8.09849
7.82974
7.82974
7.82974
7.82974
7.82974
7.82974
8.0174
8.37526
8.0209
8.0209
8.37418
8.37418
8.06848
8.06848
8.11224
7.59869
7.59869
7.59869
7.59869
7.59869
7.56381
7.56381
7.59869
8.20807
8.68649
9.50112
9.50112
9.60583
8.53053
8.73934
8.73934
8.53053
7.77075
8.69778
8.24432
8.24432
7.88731
8.24432
8.24432
7.88144
7.85203
7.85203
7.82487
7.82487
7.82487
7.82487
7.82487
7.4364
7.4364
7.36775
7.36775
7.36775
7.36775
7.36775
7.36775
7.26977
7.55703
7.55703
7.62665
7.55703
7.62665
7.40336
7.40336
8.49779
8.42661
8.42661
7.94295
8.13151
8.13151
8.8909
8.8909
11.2998
11.917
12.618
12.9541
13.3602
12.7517
11.6052
11.6052
10.5916
10.5916
9.78311
9.78311
9.78311
9.78311
10.0719
10.0719
10.0719
10.4132
10.4132
10.2484
10.256
10.256
9.67156
10.1732
9.72135
9.72135
9.66404
8.97899
8.97899
9.32762
8.97899
9.10682
9.03202
10.055
9.03471
9.0447
8.26755
8.98168
8.98168
8.88155
8.88155
8.88155
9.48133
10.4131
9.87058
10.1081
9.58179
11.0532
10.9373
10.9373
10.9373
10.4852
10.428
9.53842
9.53842
9.53842
9.53842
9.6294
9.25514
10.1369
10.0056
10.1307
10.1307
9.86086
9.84461
9.60788
9.67011
10.0438
9.68986
10.8084
9.68986
9.56367
9.68986
9.67243
9.67243
10.7929
11.725
11.725
12.1022
12.3559
11.778
11.214
11.4293
11.0562
10.6693
10.2473
10.9497
11.5495
11.6426
10.0776
11.4838
10.6745
10.2775
9.89072
9.65603
9.24954
9.53833
9.53833
9.09382
9.09382
9.09382
9.09382
9.09382
9.09032
9.09032
9.22217
9.56263
9.38735
9.38735
9.38735
9.25023
8.97886
9.24277
9.25023
9.25023
10.9463
10.9463
10.2923
10.2923
10.0991
9.96879
9.96879
9.96879
9.96879
9.96879
10.4124
10.3312
9.82589
9.96879
12.6522
11.0648
11.9274
10.6012
11.3396
10.6346
11.225
10.9919
10.9919
10.9393
10.9393
11.2295
11.2295
10.9024
10.5974
10.5974
10.8088
10.2383
10.264
9.23885
9.23885
10.3077
10.3077
10.0775
10.0775
9.93927
9.93927
9.9676
9.9676
9.58419
9.58419
10.321
10.5762
10.6522
9.70666
9.70666
9.74101
9.74101
9.73936
9.73936
9.73936
10.0076
10.0076
10.0076
9.75853
9.75853
9.75853
9.94313
9.94313
9.5486
9.5486
9.5486
9.5486
10.8966
10.8966
10.0816
10.2414
10.6911
10.6712
10.4444
10.4444
10.6692
10.6692
10.6653
10.3564
10.2463
10.3917
10.883
11.2956
11.2956
12.0025
11.3788
10.6319
10.6319
10.4187
10.1242
10.1587
9.51662
10.09
10.1029
10.295
10.09
10.09
10.09
9.95091
9.95091
9.95091
9.95091
9.96385
9.87173
10.7027
11.0022
11.3055
11.3055
10.3231
9.93489
9.93489
10.0063
10.0063
10.3262
11.3871
10.9791
11.2644
11.2644
11.2644
11.2644
11.1786
12.053
12.053
12.053
12.4006
12.2972
11.2131
11.2131
10.5804
10.5804
10.6926
10.2183
10.2183
10.7643
10.9871
10.9871
10.7643
10.7282
10.7643
10.7643
9.95669
9.95669
9.95669
9.73391
9.73391
9.73391
9.68037
9.68037
10.2505
10.7886
10.7726
10.2909
9.84196
9.84196
10.6417
10.785
10.9811
10.9278
10.9278
10.8198
10.8198
10.1257
10.1257
10.4233
10.6744
9.82129
9.82129
9.82129
9.82129
9.82129
9.49066
9.31929
9.34646
9.80501
10.2636
10.1286
9.62423
9.62423
9.62423
10.768
10.8328
10.8328
10.8328
11.4976
11.5746
11.3676
11.3305
10.1619
11.185
11.1975
11.1975
10.4162
10.4162
10.4162
10.1854
10.4162
10.024
10.024
9.65008
9.65008
9.65008
9.65008
9.65008
9.65008
9.65008
9.65008
10.1566
10.2836
9.65008
9.79875
9.40486
9.40486
10.2756
11.1607
11.5846
11.4147
11.1991
11.6988
11.7904
11.6988
11.6975
11.6988
12.2924
12.0506
11.6988
12.3282
12.2776
12.2776
13.0496
13.0496
13.0496
13.0496
12.3991
12.3991
12.8591
14.2022
14.2154
14.804
14.8869
14.9004
14.9004
14.8855
14.8855
15.6817
16.387
15.9234
14.154
14.154
14.154
14.154
13.8524
14.6163
14.1812
13.8524
13.8524
13.2445
13.2445
12.9786
12.336
12.336
12.336
12.336
12.336
13.4126
13.4126
13.6984
13.9364
14.0676
14.0676
14.022
13.819
13.7791
13.494
13.2385
13.2385
13.1096
13.2626
13.2863
13.2464
13.2863
13.2863
13.1426
12.8489
12.4544
12.0693
11.9824
12.0085
11.5314
12.0987
12.0726
12.0726
11.6343
11.6874
11.6874
11.4486
11.6874
11.6874
11.6874
11.6874
11.8868
12.5671
12.5671
12.371
12.371
13.2683
13.6802
13.2683
13.7114
13.1707
13.1707
14.3285
14.3285
15.1548
14.9525
14.2098
14.2098
14.1251
14.8813
16.3401
16.2718
17.6269
19.3658
19.2334
19.9639
21.0173
20.6333
19.4615
19.4615
19.4615
17.5143
16.8872
16.5599
17.2705
17.4588
17.4398
17.3623
15.8515
16.9617
16.7519
15.788
16.3056
17.0111
14.6805
16.304
15.2857
15.2944
14.8726
14.8726
14.0607
13.7085
14.0607
13.5833
14.0607
14.3833
14.1998
14.1706
14.1706
13.892
13.892
13.1878
13.8995
13.1952
13.9581
13.9462
16.1323
15.4126
14.3061
14.3061
14.3061
14.3061
14.459
14.297
14.0253
13.9766
13.9766
13.8146
13.9921
14.1151
14.0235
14.1151
13.1368
13.1381
13.1381
12.929
13.1375
13.1381
13.1381
13.8791
13.8791
13.4232
13.4232
13.4042
13.2826
13.2826
13.4042
13.4042
13.4042
13.4042
13.4042
13.93
13.2445
13.2445
13.4042
13.4042
13.4042
13.3898
13.4042
13.4042
13.4042
13.4042
13.4042
13.068
13.068
13.068
12.5585
13.068
13.068
13.068
12.4498
12.6277
13.068
12.6277
13.065
13.065
13.065
13.1829
12.8614
12.8614
12.4516
12.4516
12.4503
12.4503
12.4503
12.4503
12.4503
12.4503
12.4503
13.8012
13.7443
13.7443
14.4998
14.1708
14.1026
14.1026
14.7362
14.7362
14.5883
14.4335
14.4166
14.202
14.202
14.202
14.2465
14.1059
13.9358
13.9344
13.8371
13.8639
13.3655
13.1035
13.1035
13.0701
12.7794
12.7794
13.0701
13.0701
13.0952
13.0952
13.0952
13.4625
13.7093
12.6809
12.586
12.6809
12.9972
12.3996
12.9972
12.7677
12.1676
12.1676
11.9443
11.8711
11.6478
11.6478
11.6478
11.3779
11.3779
11.293
11.4037
11.293
11.293
11.293
11.293
11.293
11.293
11.1674
11.1674
11.1432
11.1432
11.063
10.8467
10.9569
10.9569
10.891
11.2615
11.4963
10.6744
10.6744
10.6338
10.6338
10.0266
10.0266
9.5574
10.5011
9.5574
9.5574
9.5574
9.54021
9.5574
9.91118
10.4219
10.4219
10.4219
10.4219
10.4219
10.4219
10.4219
10.2024
10.2024
10.9235
10.9079
10.0749
10.0749
10.0234
9.94084
10.0234
9.21105
9.8893
9.8893
9.8893
9.88924
9.92989
9.92989
9.8893
9.8893
9.88924
9.8893
9.21105
9.21105
10.3318
10.2025
10.0207
10.019
9.91462
9.66753
9.66753
9.84326
9.97182
9.82903
9.97062
9.96729
9.96729
9.96729
9.96729
9.96729
9.96729
9.96608
9.65065
9.4967
9.4967
9.76388
9.61405
9.30298
9.30298
9.75243
9.79533
9.67563
9.77804
9.63639
9.6478
9.6478
9.66126
9.59108
9.59108
9.59108
9.80729
9.77167
10.9155
10.9155
10.0952
10.6648
10.6648
10.6648
10.5202
9.25358
10.7317
10.7317
10.7317
10.7317
10.8013
10.61
10.3393
10.3393
9.87001
9.87001
9.87001
9.87001
9.87001
9.87001
9.52815
9.81578
9.81578
8.54984
8.44891
8.44891
8.64042
8.86321
8.50712
9.25076
8.56829
8.56829
8.77073
8.65761
8.27136
8.80274
8.56829
8.35365
8.34908
8.19891
7.79749
8.32896
8.32896
7.66367
8.11899
8.09887
8.09887
8.11899
8.11899
8.09887
8.11899
7.88923
8.09887
7.88923
7.88923
8.16686
8.1606
8.1606
8.1606
7.88923
7.88923
7.88923
7.88923
8.16686
8.16686
7.88923
7.88923
7.75678
7.8083
8.19886
8.19886
8.19886
8.25038
7.90803
7.90803
7.51847
7.22968
7.29237
7.51847
7.22968
7.22968
7.22968
7.22968
7.22968
7.22968
7.22968
7.22968
7.22968
7.09746
7.22968
7.22968
7.22968
7.85221
8.15988
8.15988
7.63589
8.15988
8.15988
8.15988
8.2773
8.49183
8.55064
8.55064
8.55064
8.55064
8.19521
8.49183
8.4951
8.95337
10.5152
10.399
10.1665
10.1665
10.0629
9.15044
9.77272
9.77272
8.94712
8.94712
8.43967
8.98678
9.57718
9.1732
9.1732
9.1732
8.56581
9.23853
9.35709
8.89262
8.89262
9.32437
10.1609
11.1117
9.86675
9.91545
9.30603
9.85025
9.30668
9.30668
9.30668
9.26495
9.17155
9.17155
9.05787
9.05787
8.78421
8.78421
8.64908
8.65465
8.65465
8.64908
8.64908
8.64908
8.64908
8.64908
8.18857
8.18857
8.18857
8.05667
8.05667
8.05667
8.05667
8.05667
8.28584
8.28584
8.28584
8.28584
8.28741
8.05667
8.57463
8.57463
7.99159
7.99159
8.43705
8.54955
8.54955
8.36728
8.36728
8.49913
8.36728
8.36728
8.36728
8.21361
8.18805
8.03439
8.21361
8.07849
8.07849
8.07849
7.84932
7.84932
7.84932
7.59323
7.59323
7.59323
7.59323
7.57333
7.59323
7.59323
7.59323
7.59323
7.59323
7.59323
7.59081
7.59081
7.59081
7.99731
7.99731
8.13922
8.13922
9.23088
9.23088
9.61412
9.61662
10.1101
9.95113
9.95113
9.95113
9.95113
10.4241
10.1332
10.1169
9.69376
10.1399
10.1399
10.1399
9.33987
9.36071
9.55319
9.3072
8.53769
8.52368
8.52368
8.52368
8.92151
8.92151
8.93676
8.93676
8.93676
8.6654
8.6654
8.6654
8.6654
8.6654
8.53027
8.53027
8.35104
8.53027
8.53027
8.53027
8.53027
8.53027
8.53027
8.53027
8.50427
8.50427
8.53027
8.52452
8.52452
8.52452
8.52452
8.71545
9.148
8.96877
9.0768
9.0768
9.0768
9.0768
9.03586
9.0768
9.94232
9.43943
9.49544
9.31622
9.06153
9.45042
9.01756
9.87538
9.77208
9.87538
9.84936
9.34979
9.30387
8.90185
9.30387
8.71387
8.71387
8.5519
8.37309
8.37309
8.31652
8.31652
8.15482
8.15482
8.31652
8.31652
8.82077
9.68415
9.33637
9.77366
9.62626
9.52461
8.57757
8.57757
8.57757
8.57757
8.70943
8.39205
10.3058
8.26761
8.18552
8.18552
8.18552
8.18552
8.18552
9.67353
9.12475
9.12475
8.89854
8.89854
8.89854
8.89854
8.89854
8.89854
8.89854
8.85826
8.89625
8.89625
8.89625
9.28232
9.34391
9.34391
9.77594
9.84305
9.84305
9.46901
9.46901
9.34096
9.46677
9.33684
9.33684
8.21544
8.21922
8.20363
8.33365
8.21922
7.60705
7.47142
7.93553
8.24047
9.40234
9.40234
10.4181
10.4181
10.1507
10.1351
10.0671
9.45504
9.77121
9.77121
10.8271
10.8271
10.8271
10.8271
10.8271
11.1487
11.1487
11.1487
10.446
10.8026
10.993
10.0953
11.4982
11.2168
10.6554
10.6554
11.3411
11.3411
11.3411
11.0305
11.0305
11.0305
11.0305
11.2594
10.6519
10.6519
10.7721
9.77104
10.6939
10.2728
10.2728
10.2728
10.2728
10.4867
12.1419
12.1419
12.1419
11.9532
11.7913
11.2771
11.2274
12.6942
9.94369
10.905
10.905
9.99118
10.4687
10.4687
10.4687
10.4687
10.4687
9.99118
9.83515
10.0576
9.58007
9.58007
9.54237
9.3776
9.58007
9.364
9.30399
9.30399
9.58007
9.58007
9.58007
9.30005
9.29934
9.2638
9.29934
8.74569
10.0014
8.77329
8.77329
8.77329
8.77329
8.77329
8.84979
8.84979
8.76006
8.76006
8.76006
8.74717
8.76006
9.44382
9.44382
9.44382
9.44382
8.74717
9.59579
11.2685
11.5345
11.5345
11.5345
11.0928
10.8169
10.1768
10.1768
10.0021
9.97608
9.27205
9.27205
9.27205
9.41199
9.76203
10.9337
12.0544
11.9532
11.9532
11.9532
11.9532
11.5353
11.7404
11.7404
11.7404
11.7059
11.5679
11.3174
10.1385
10.1385
10.1385
10.1385
10.1812
10.1812
9.82622
10.1812
10.1812
10.1496
10.1496
10.075
10.075
9.90876
9.90876
9.24504
9.5033
9.42562
9.42562
8.69872
8.56462
8.56462
8.56462
8.86533
8.3935
9.09218
8.7948
8.7948
8.40139
8.7948
9.40515
9.40515
8.99242
8.99242
8.99242
8.99242
9.87527
9.87527
9.39701
10.0094
9.46427
9.67772
9.57212
8.93301
8.93301
9.0918
8.71673
9.62476
7.62439
7.62439
7.62439
7.62439
7.62439
7.62439
7.62439
7.62439
7.90148
7.46682
7.46682
7.46682
7.46682
7.46682
7.46682
8.08476
8.24813
8.15353
8.08476
8.01661
8.01295
7.68087
7.68087
7.61754
7.61754
8.00212
8.00212
7.61369
7.43442
7.43442
7.43442
7.43442
7.43442
7.33045
7.43442
7.43442
7.12503
7.05231
7.05231
7.05231
7.05231
7.05231
7.05231
7.05231
7.05231
6.89915
6.89915
6.89915
6.89915
6.89915
6.89915
7.31917
7.1291
7.31917
7.31917
7.31917
7.31917
8.11834
6.98945
8.08972
7.4089
7.8869
7.57615
7.60819
7.60819
7.60819
7.60819
7.60819
7.86003
7.86003
7.27869
7.0707
7.0707
6.98945
6.98945
6.98945
6.98945
6.98945
6.98945
6.9894
6.9894
6.98945
6.98945
6.98945
6.98945
6.98945
6.98945
6.98945
6.98945
6.98945
7.08249
7.08249
7.08249
7.08249
7.14258
6.7843
6.43416
7.09351
7.09351
6.82214
6.82214
6.80394
7.30448
7.51302
7.51302
7.51302
7.51302
7.51302
7.51302
6.65811
7.51302
6.65811
7.0512
6.91608
6.91608
6.96192
6.96192
6.96192
6.96192
7.0606
7.0606
7.0606
7.0606
7.0606
7.0606
7.0606
7.3452
7.3452
7.3452
7.3452
7.73923
7.69266
6.98381
6.98381
6.56543
7.22273
7.22273
7.22273
7.22273
7.87845
7.87845
7.87845
7.6375
7.6375
7.6375
7.45891
7.45891
7.45891
7.45891
7.45891
7.20679
7.20679
7.20679
7.20679
7.20679
7.20352
7.20352
6.19911
6.19911
6.19911
7.21101
6.19911
6.19911
6.79455
6.19911
6.19911
6.19911
6.19911
6.19911
6.19911
6.19911
6.19911
6.33474
6.56543
6.56543
6.56543
6.56543
6.56543
6.56543
6.56543
6.56543
6.4303
6.4303
6.4303
6.4303
6.4303
6.4303
6.4303
6.4303
6.56543
6.56543
6.56543
6.56543
6.33474
6.33474
6.33474
6.33474
6.33474
6.33474
6.33474
6.56543
6.56543
6.56543
7.3764
6.88192
7.76047
7.58937
7.30331
6.96901
7.28713
7.28713
7.04794
6.99834
7.04794
7.04794
8.23358
7.86205
8.23358
8.23358
8.24311
8.21864
8.21864
8.21864
7.57326
7.57326
7.57326
8.39786
7.61114
7.61114
8.24932
7.68502
7.68502
7.68502
7.62087
7.00106
7.01849
7.01849
7.00106
7.35419
7.35419
7.48807
7.48807
7.01849
7.33962
7.33962
7.06518
7.00106
7.06518
7.13482
6.66523
6.66523
6.66523
6.80086
7.30435
7.30435
7.30435
6.33474
6.33474
6.33474
6.33474
6.33474
6.19911
7.79084
7.24801
7.38084
7.14206
7.79084
7.92236
7.92236
7.92236
7.92236
7.80827
7.52956
7.52956
8.73793
9.50994
10.5993
10.5993
12.3281
12.1531
11.4277
11.3343
10.7503
10.6552
11.2113
10.251
10.251
10.7725
10.7131
11.6762
11.4985
9.4188
9.81
9.81
9.81
8.9334
8.9334
9.20476
9.08545
8.42683
8.42683
8.81802
9.72784
8.81802
10.7342
10.7342
10.8144
10.7342
10.7342
10.7342
10.1239
10.1239
11.0901
9.76466
9.65392
9.65392
9.65392
9.65392
9.61257
9.65392
9.65392
9.60436
9.57373
9.60436
9.59161
9.36235
9.17133
9.3523
9.51495
9.2183
9.52365
9.51257
9.51257
9.52417
9.54416
9.54416
9.54416
9.54416
9.54416
9.54416
9.54416
9.51204
9.51204
10.4006
10.4012
9.84304
9.78867
9.84304
9.84304
10.0795
9.96181
9.80815
10.0795
10.0795
10.2229
10.0851
10.2229
10.8454
10.8454
10.4809
10.4792
10.4792
10.4792
10.6296
10.696
10.696
10.9751
10.7002
11.1476
11.1476
11.4713
11.5805
10.8424
9.94458
9.94458
9.94458
9.94458
9.94458
11.7329
11.8129
12.5015
13.5662
13.1421
13.0964
13.0964
13.0964
13.0964
13.22
13.2704
12.9667
12.4939
12.0376
12.0266
12.0266
12.0266
12.0266
12.1695
12.1991
12.0266
10.4059
11.3933
10.667
10.0589
10.0589
10.0589
10.4173
11.1596
11.1596
10.4465
10.7704
10.4063
9.93073
10.3512
9.55319
9.33525
9.33525
9.33445
9.33445
8.94286
9.30529
9.17663
9.17663
8.94504
8.81519
8.94504
8.94504
8.60639
8.88401
8.88401
8.88401
8.88098
8.70793
8.64345
8.88446
8.88446
8.88446
8.88446
9.17744
9.0564
9.17744
8.72351
8.72351
9.17744
9.17744
9.57864
9.08638
8.51695
8.51695
8.51513
8.51513
8.51513
8.51513
8.95076
8.94851
8.53007
8.53007
8.53007
8.53007
8.53007
8.03037
8.03037
8.03037
8.03037
8.03037
8.03037
8.21965
8.03456
8.21965
8.21965
8.57806
8.86606
8.50691
8.86606
8.86606
8.73541
8.73541
8.73541
8.73541
8.58224
8.58224
8.62882
8.62882
9.18545
8.62882
8.89993
8.5546
9.84786
9.74301
9.07417
10.2337
10.0762
10.0762
10.0306
9.87043
9.48508
10.0085
9.48438
10.0085
9.38629
9.38629
9.78206
9.83638
9.83638
9.72935
9.51228
9.51228
9.51228
9.56682
9.56682
9.56682
9.56682
9.46668
9.53116
9.78961
9.43051
10.1208
9.43051
9.64674
10.7484
11.052
11.2306
10.1658
10.1658
10.4744
9.95224
9.7723
9.29576
8.97825
8.97825
8.94507
10.4243
9.80028
9.80028
9.80028
10.8907
11.7043
11.7043
11.1319
10.2063
10.2396
10.8444
11.4736
11.4154
10.6906
11.4799
11.5381
11.4799
11.5381
11.5381
11.6558
11.6558
11.6558
11.6558
11.6558
11.6558
11.6558
11.6558
11.7889
11.3102
11.3102
11.3102
11.82
10.9795
10.9795
11.361
11.361
10.9735
10.9735
10.9735
10.6277
10.9819
10.975
10.6152
10.2863
11.3431
11.026
11.0074
10.7981
11.3276
10.6057
10.6057
10.6417
10.1055
10.0134
10.0134
10.0134
10.0134
10.4041
11.5574
11.5863
11.5863
11.0203
11.0746
11.0746
11.0746
11.0734
11.0746
11.718
10.7981
11.718
11.9668
12.5819
12.063
12.063
11.6846
12.2069
12.5742
12.4753
12.4753
12.4753
12.3807
12.3471
11.7312
12.2151
12.1449
12.1449
11.7811
11.6931
11.6243
10.9493
10.8104
10.7977
10.7977
11.0508
11.1828
11.6566
10.6156
10.6156
10.6156
10.8384
10.6156
10.8384
10.8384
10.8384
10.8399
13.5894
13.5085
13.6427
13.0556
13.0556
11.0283
11.0283
12.7997
11.1743
11.1743
11.1732
11.1732
12.6749
12.6419
13.4648
12.558
11.6157
11.6157
11.881
11.6157
11.3255
11.6167
11.6167
10.23
10.0412
9.95247
9.95247
9.71823
9.24545
9.24545
9.21072
9.02187
9.24466
9.20751
9.52145
9.52145
9.52145
9.71823
10.1456
9.81076
11.1757
10.6231
10.6231
9.69701
9.69701
9.70013
9.69701
9.40975
10.0779
9.82561
10.0778
10.3794
10.5787
10.5787
10.5787
10.5787
10.0779
10.0779
10.6176
11.2621
11.2621
11.2621
12.8671
13.7967
14.5692
13.7386
13.7386
14.0536
13.2198
13.0428
12.759
12.5746
14.3369
14.768
15.9843
15.6764
15.136
15.4505
15.6496
16.4974
16.3687
16.3687
15.7987
13.2152
14.1288
13.8518
13.8518
13.784
13.2628
12.7566
12.8316
12.8061
12.5364
12.5364
13.4124
12.7219
12.7219
12.7219
12.7219
12.7219
12.7219
12.7219
12.7219
12.7219
12.7219
12.754
12.754
13.184
13.3304
14.3959
14.8539
15.8238
16.5183
16.6161
17.7447
16.4856
16.5059
16.5059
16.5059
16.5059
16.4724
15.2713
16.2454
15.729
15.3319
18.2685
17.3252
18.4123
16.6064
16.2718
16.6064
16.6064
16.6064
16.6064
16.0202
16.8508
15.735
15.9103
15.8286
15.9103
16.2262
15.4957
15.4957
14.6877
14.6877
13.4462
13.4462
13.8958
14.4841
14.2191
14.8447
14.5574
14.3804
14.3804
14.3804
14.3378
14.3378
14.0546
14.0546
14.0546
14.0546
14.0546
13.9903
13.9903
13.9903
13.9903
13.9448
13.9903
13.9903
14.7656
14.1671
14.7656
14.7656
14.5769
14.5769
14.5769
14.4817
13.7304
12.9315
13.0296
14.7562
14.377
13.8045
14.423
14.423
13.8045
13.6166
14.1216
13.747
14.2299
14.1301
13.2803
13.0113
13.3173
13.0611
13.0611
13.5679
13.1864
13.3373
13.1569
12.5999
12.5999
12.3141
13.0027
12.8117
13.0307
12.0955
12.9723
12.9723
12.6868
12.6868
12.694
13.1626
13.1626
13.2974
13.3251
13.5021
13.3605
13.3605
12.9054
12.2757
12.2757
12.2757
12.2757
11.7372
12.0584
11.5316
11.0613
11.0613
10.9573
10.8071
10.8071
10.2679
9.82707
9.77422
9.82707
10.1504
11.629
11.6479
11.6479
11.6479
10.6288
10.6288
10.6288
10.6288
10.6658
10.7642
10.6126
10.0774
10.0774
10.0774
10.0774
10.158
11.1355
11.0183
11.7698
11.7698
11.7698
11.7282
11.5991
11.8783
11.7511
11.8783
11.1469
11.9925
11.1576
11.3777
11.1576
11.1576
10.6511
11.1576
10.6511
10.6511
10.6511
9.86637
9.86637
8.98953
9.70083
9.24999
8.80065
8.53082
8.53082
8.6243
8.6243
8.81808
8.81808
8.80218
8.80218
8.39519
8.39519
8.39519
8.77294
8.77294
9.74864
9.93411
9.93411
10.4817
10.676
11.5341
11.5341
11.5341
11.859
11.8497
11.8497
11.859
10.0095
11.9604
11.6805
12.3547
11.8575
11.8575
12.6582
12.4599
12.4396
12.4396
12.4396
12.5676
12.5676
12.5676
12.1774
12.5676
12.1866
12.9492
13.0704
12.5819
13.0215
12.8596
12.8596
12.7997
11.8775
11.8105
11.0034
11.6162
10.5708
9.75364
10.1434
9.64832
9.64832
9.64832
9.64832
9.64832
9.64832
9.64832
9.64832
9.64832
9.64832
9.64832
9.64832
9.96742
10.0538
10.0538
10.2863
9.82698
9.82698
9.82698
10.2565
10.2596
10.2565
11.4369
11.2099
10.994
10.994
11.1002
11.1002
11.0618
10.5375
10.3796
10.9836
10.9836
10.9836
10.9836
10.9836
11.0039
10.7498
10.7498
10.8927
11.1341
11.1341
10.3836
10.3836
10.3836
10.8028
10.8028
11.1779
11.676
10.7141
10.7141
10.7141
10.7141
10.7141
10.7141
11.4449
11.9201
11.9201
11.8177
11.7463
11.05
11.05
10.733
10.5403
10.7174
12.9646
11.8522
11.8522
11.8522
11.5313
11.5313
9.87286
10.0018
10.0018
9.75109
9.88672
10.1187
10.1187
10.1187
10.1187
10.1187
9.98385
9.98385
9.98385
9.98385
9.98385
9.98385
10.2726
10.1187
10.5741
10.2726
9.75792
9.75792
9.75792
9.98385
9.75792
9.75792
9.90469
9.90469
10.6359
10.2152
10.5325
10.5325
10.6381
10.4682
10.4682
10.4682
10.4682
10.4682
10.6508
10.9799
10.9799
10.6486
10.8449
10.6486
10.9755
11.1324
11.1324
11.1324
11.7818
11.1324
11.2754
11.1479
10.518
11.1479
11.1479
11.1479
11.1479
10.5796
10.1687
10.1687
10.7827
10.8811
11.0169
10.5282
10.7781
10.7077
10.7077
10.1439
10.4678
9.90736
10.6655
10.1038
10.1038
10.6303
10.7077
9.80216
9.80216
9.80216
10.4811
10.4811
10.4811
11.2479
10.4633
10.4633
10.3843
9.53979
9.59839
9.57019
9.41285
9.20043
8.68316
8.95702
8.53592
8.95702
8.70776
9.02635
9.02635
9.02635
8.87911
8.93274
8.93274
8.93274
8.93274
8.81554
8.81554
8.93274
8.93274
8.93274
8.93274
8.93274
8.93274
8.93274
8.93274
8.93274
9.08388
8.79836
8.75025
8.79836
8.75025
8.75025
8.75025
8.88464
8.75025
8.79836
9.12849
9.12849
9.03577
8.79836
8.79836
8.79836
8.79836
8.79836
8.79836
8.79836
8.57292
8.99237
8.82292
8.55306
8.82292
8.82292
9.31154
9.28697
8.93026
8.93026
8.93026
9.04431
8.95482
8.95482
8.95482
8.95482
10.53
10.53
10.3709
10.3709
10.3709
10.3709
10.622
10.7794
10.7794
10.7794
10.7794
10.7069
10.7069
10.7069
9.5854
10.044
10.044
10.2231
10.2231
10.14
10.14
10.1746
10.1746
10.1746
9.89151
10.2197
10.2197
10.2197
10.2197
10.2022
9.83051
9.37091
9.18823
9.18823
9.18823
9.18823
9.37091
9.37091
9.37091
9.37091
9.06593
8.66047
8.88404
8.53406
8.78456
8.78456
8.78456
8.78456
8.78456
8.63933
8.15655
9.83189
9.86891
9.01646
8.90226
8.90226
8.90226
8.90226
8.90226
8.92094
8.95617
9.19788
8.89282
8.89282
9.22591
9.68543
9.26325
9.26325
9.86422
9.86422
9.26325
9.26325
9.26325
9.6798
9.6798
11.3415
11.1871
11.413
11.107
11.107
11.7446
11.7446
11.7446
11.3502
11.3502
11.6406
11.1043
11.515
11.1118
11.515
11.0909
11.0315
11.0315
11.0315
11.3532
11.117
11.6076
11.6076
13.3239
13.8916
13.3818
13.3818
13.0102
12.2334
12.2334
12.0969
12.3037
12.1159
12.5452
11.5765
11.5765
11.1733
11.1733
11.1733
11.1733
11.1733
11.3961
11.3961
11.4277
11.5495
11.063
11.4662
11.4662
11.5495
11.5495
11.7282
11.7282
11.6275
11.069
11.6098
12.5133
11.9895
11.9895
11.6706
12.4188
11.8714
11.7684
11.7684
11.7684
11.828
11.3571
11.3571
11.4734
11.4734
11.4734
11.4734
11.5392
11.5392
11.2978
10.9472
11.5303
10.8177
10.2908
10.2427
10.2427
10.2427
10.0637
10.0637
9.89599
9.24222
9.24222
8.97239
8.66272
8.66272
8.97239
8.97239
8.84629
9.05817
8.97239
9.31917
8.8382
9.11003
9.11003
9.11003
9.11003
9.0913
9.14175
8.31279
8.31279
9.02355
8.53681
8.53681
9.02355
8.53681
8.41861
8.41861
8.41861
8.41861
8.32114
8.32114
8.32114
9.35371
9.68898
8.97846
9.68898
9.74015
9.74015
9.52748
9.52748
9.20111
9.47362
9.47362
9.5185
9.03447
9.03447
9.03447
9.03447
8.99854
9.03447
8.74987
8.74987
8.74987
8.99867
8.99867
8.74987
8.74987
8.74987
8.74987
8.74987
8.74987
8.74987
9.26826
9.61391
10.42
9.79277
9.455
8.59974
8.59974
8.59974
8.72821
8.59974
8.72821
8.72821
9.32901
9.32901
9.27929
9.11705
9.11705
8.92647
8.92647
8.92647
10.2369
10.2369
9.51569
9.41744
9.41744
9.41744
9.41744
9.41744
10.0612
10.1438
10.1438
10.1438
9.86619
9.86619
9.49771
10.6849
10.6849
10.5294
10.7227
10.9364
10.5051
10.5051
10.5051
10.5051
10.5051
10.5051
10.548
10.2431
9.84858
9.84858
9.77551
9.77551
9.77551
9.77551
9.62314
9.78113
9.53033
9.53033
9.55758
9.55758
9.55758
9.62077
9.67618
9.67618
9.6052
9.6052
9.78878
9.78878
9.78878
8.97188
8.7883
8.7883
8.7883
8.76966
8.97188
9.07803
9.47381
9.07803
9.0739
9.04878
9.04878
9.04878
9.04878
9.00507
9.00507
9.00507
9.04878
9.04878
8.3372
8.3372
8.3372
8.3372
7.96285
7.96285
7.96285
7.96285
7.96285
7.96285
7.96285
7.96285
7.96285
7.61073
7.61073
7.37318
7.77865
7.74511
7.50881
7.37318
7.37318
7.37318
7.37318
7.74511
7.74511
7.74511
7.74511
7.74511
7.74511
7.74511
7.74511
7.74511
7.74511
7.99991
8.50497
8.50497
8.49089
8.2021
8.2021
8.2021
8.80307
8.2021
8.60756
8.60756
8.2021
8.90093
8.90093
8.83404
8.98166
9.87024
9.87024
9.99344
10.6991
11.105
11.445
11.332
11.445
10.3176
10.7398
10.7398
11.1154
11.3968
11.3246
11.3246
12.6429
12.2207
10.3584
10.3584
10.3584
10.3584
10.3584
12.1579
11.1763
11.1763
11.1763
10.4958
10.4958
11.1303
11.1303
11.1303
10.443
10.388
10.443
11.026
11.026
11.026
11.0498
11.6249
10.7862
10.7862
10.7862
10.9262
11.6237
11.4433
11.4433
11.3202
11.3202
10.7145
11.4433
11.5848
11.6501
11.1569
12.3009
11.6498
11.0932
11.0932
11.0932
10.7126
9.77734
9.77734
9.60082
9.60082
9.52765
9.52543
9.79756
9.78678
9.52765
9.79756
9.52765
9.52765
9.52765
9.52765
10.2292
10.2292
10.2292
10.0863
9.94576
10.0863
10.0863
10.1038
10.1038
9.90355
9.90355
9.88413
9.88413
9.74836
9.56401
9.56401
9.56401
9.56401
9.21568
9.21568
9.07835
9.21568
9.33082
9.55479
9.92467
10.228
9.21723
9.21723
8.74016
8.74016
9.21723
9.21723
9.10831
8.74016
8.74016
9.72401
9.34151
9.81424
9.81424
9.72506
9.29847
9.21533
9.21533
8.45261
8.45261
9.21533
9.4624
8.69785
9.53253
9.10643
9.10643
8.68148
8.68148
8.68148
8.59593
7.93163
8.59593
8.59593
8.59593
8.59593
8.59593
8.79484
8.79484
8.38272
8.38272
8.41767
8.41797
8.04949
8.04949
8.04949
8.04949
8.04949
8.04949
7.6119
8.3683
8.04949
8.04949
7.98488
7.98488
7.98488
6.6706
7.07607
7.0776
7.46929
8.19316
7.9033
7.90385
7.5288
7.5288
7.5288
6.6706
6.6706
6.6706
6.6706
6.6706
6.6706
7.5288
7.5288
6.6706
6.6706
6.6706
6.6706
6.6706
6.6706
6.6706
7.05401
7.05401
7.05401
7.05401
7.05401
6.6706
6.6706
6.6706
6.6706
6.6706
6.97347
6.97347
6.97347
6.6706
6.90815
6.97347
7.12915
7.65025
7.15638
7.15638
7.36146
6.94682
6.64395
6.64395
6.64395
6.93274
7.23561
7.25179
7.29425
7.26226
7.29425
8.43558
8.43683
8.7596
9.68488
9.68539
7.82762
8.38762
8.38723
7.77857
8.4931
8.4931
8.97423
8.87503
8.34759
7.90825
8.26666
8.61881
8.61881
8.41589
8.41589
8.41589
9.25058
8.83385
8.83385
8.83385
8.83385
8.74565
9.22916
9.85909
9.45836
9.45836
10.4362
9.87801
10.4362
9.2812
8.37262
8.37262
7.21389
9.20495
9.84549
9.84549
9.77864
10.2219
9.96301
9.40397
8.83801
8.83801
8.83801
8.84825
8.84825
8.96566
9.78504
10.5749
9.706
8.96566
8.96566
8.96566
8.96566
8.55945
8.55945
8.55945
8.69429
8.55945
8.55945
8.55945
8.55945
8.55945
8.9789
8.9789
8.55945
8.55945
8.55945
8.9789
9.10482
8.78607
8.78607
8.78607
8.78607
8.78607
9.07159
9.07159
9.04545
9.21413
8.84304
8.70633
8.22582
7.97308
8.13785
8.13785
7.73013
7.3507
7.3507
7.3507
7.3507
7.3507
7.64837
7.56674
7.49527
7.41363
6.96913
6.9676
6.96913
6.96913
6.69777
6.69777
6.85093
6.85093
6.85093
6.85093
6.85093
6.85093
6.85093
6.85093
6.85093
7.35068
7.41413
9.06017
7.4426
9.06017
7.63845
7.7703
7.7703
7.64561
7.64561
7.64561
7.64561
8.18527
7.99082
7.90351
7.66865
7.90351
7.90351
7.85798
7.76839
7.51366
7.51366
7.51366
7.51366
7.51366
7.51366
7.51366
7.78596
7.78596
7.83117
8.1209
8.24278
8.24278
7.83732
7.83732
7.83732
8.24278
8.24278
7.83732
7.83732
7.82194
7.82194
7.82194
7.82194
7.82194
7.82194
9.07485
8.73389
8.68945
8.67296
8.67296
7.89931
8.36936
7.81353
7.429
7.81353
7.67947
7.34321
7.34321
6.56214
6.56214
7.14733
7.14733
7.14733
7.14733
7.14733
7.14733
7.14733
7.623
7.623
7.28296
7.28296
7.28296
7.28296
7.28296
7.28296
7.16697
7.05774
7.05774
6.92364
6.77048
6.77048
6.77048
6.77048
6.77048
6.63485
6.77048
6.77048
6.77048
6.77048
6.77048
6.77048
6.77048
6.77048
6.77048
6.63485
6.63485
6.63485
6.77048
6.77048
6.77048
6.77048
6.77048
6.77048
6.77048
7.04031
6.77048
6.77048
7.36925
6.77048
6.77048
6.77048
6.77048
6.63485
6.63485
6.77048
6.77048
6.77048
6.63485
6.77048
6.77048
6.77048
6.77048
6.69777
6.77048
7.09553
7.09553
6.63485
6.63485
6.63485
6.48237
6.63485
6.77048
7.36472
7.63812
7.63812
7.68338
7.41534
7.41534
7.41534
7.41534
7.41534
7.41534
7.41534
7.41534
7.41534
7.41534
8.36923
7.24355
7.236
7.236
7.53408
7.37098
7.53408
7.37098
7.53408
8.59012
8.16794
8.10789
8.09623
8.09623
8.33393
8.3219
8.04416
8.04416
8.30774
8.20041
8.20041
8.20041
8.20041
7.98416
7.65164
7.65164
7.97661
7.76635
7.76635
7.76635
7.76635
7.76635
7.76635
7.76635
7.76635
7.76635
7.39733
7.39733
7.39733
7.66869
7.66869
7.72599
7.72599
7.59572
7.26488
7.26488
7.26488
7.26488
7.38737
7.38737
7.38737
7.10276
7.10276
7.10276
7.10276
7.10276
7.10276
7.10276
7.20297
7.20297
7.20297
7.18973
7.18973
7.18973
7.18973
7.18973
7.18973
7.18973
7.18973
6.91836
6.91836
6.91836
7.46509
7.23421
6.5548
6.5548
6.5548
6.5548
6.5548
6.9618
6.9618
6.5548
6.5548
6.5548
6.5548
6.5548
7.23559
7.23559
7.23559
7.23559
7.23559
7.23559
7.23559
7.23559
7.23559
7.23559
7.23559
7.23559
7.23559
7.23559
7.23559
7.23559
7.23559
6.9468
7.23559
6.9468
7.27126
7.67593
7.67593
7.84008
9.07353
8.36613
9.6865
9.16384
9.16384
8.93954
9.16384
9.06973
8.59389
8.59389
8.59389
8.59389
9.42399
8.47428
8.47428
8.46541
8.46541
8.45686
8.46541
8.46541
8.41466
8.51294
8.41466
8.41466
8.41466
8.41466
9.0496
9.8222
9.8222
9.93571
10.071
10.2621
10.6816
10.6698
10.1116
9.85625
9.57956
9.50214
9.04851
8.62901
9.04851
8.63482
8.95691
8.53741
8.53741
8.26693
7.84743
7.84743
7.79591
7.84743
7.84743
7.79591
7.79591
7.33524
7.33524
7.29354
7.39362
7.29354
7.39181
7.85429
7.52781
7.79591
7.79591
7.79591
7.79591
8.07703
8.13336
7.79591
7.79591
9.80824
9.41269
10.4901
10.4152
11.6355
11.6355
11.6355
12.1828
12.1316
12.1316
11.9568
11.5817
11.4464
11.4464
11.4886
11.6003
9.96816
10.3714
10.8282
10.8282
10.7105
10.7105
10.8282
11.9681
12.0072
11.0843
10.7432
11.3775
11.8875
11.2644
11.8875
11.7115
11.424
11.7115
11.8568
10.1359
9.70771
9.70771
10.3288
9.93328
9.93328
9.93328
9.4886
9.4886
9.47884
9.03383
9.03383
9.03383
9.03383
9.03383
10.8276
10.7656
9.78844
9.3735
9.3735
10.0386
9.73602
9.73602
10.3534
10.3534
10.3534
9.75345
9.24207
9.24207
9.24207
9.24207
9.74352
9.74352
9.74352
9.01607
8.78515
8.78515
8.78515
9.32879
9.66678
8.78171
9.40099
9.42209
9.33794
9.32741
9.08354
9.08354
8.97431
8.96415
9.03899
8.41057
8.41057
8.41057
8.25317
8.04042
8.41057
7.80964
7.80964
7.80964
7.80964
7.80964
7.80964
8.46048
8.46048
8.46048
8.46048
8.22767
8.20102
8.33353
8.15426
7.61881
7.61881
8.138
8.138
8.00614
8.30921
7.62701
8.12893
8.58062
8.44372
8.00614
8.00614
8.47341
7.91981
7.29213
7.29213
7.29213
7.10285
7.10285
6.88692
7.10285
6.69765
6.96574
6.96574
6.96574
6.96574
6.96574
6.85131
7.06353
6.66031
6.96574
7.60076
6.96574
7.29065
7.29065
7.17424
7.29065
7.29065
7.29065
6.88048
7.17424
7.17424
7.34537
7.34537
7.0793
7.0793
7.06769
7.06769
7.0793
6.56252
6.56252
6.74175
6.56252
6.56252
7.11583
6.96574
6.96574
7.65163
7.65163
7.38944
7.5213
7.11542
7.5213
7.09506
7.09506
7.09506
7.30981
7.01928
7.64169
7.84544
7.88674
6.88706
7.29202
7.29202
7.11295
7.11295
6.83679
7.29202
7.41656
7.19127
7.19127
7.19127
7.19127
7.19127
7.19127
7.19127
7.20869
7.20869
7.96809
7.96809
7.95485
7.95485
7.13189
7.86569
7.95485
7.95485
10.6947
10.8797
10.8797
9.67067
9.39931
9.39931
9.34935
9.34935
9.33025
9.19924
9.40468
9.40468
8.88455
8.88455
8.97743
8.97743
9.11035
8.97257
9.09879
9.09879
9.06565
8.74227
8.65309
8.78434
10.3689
9.95474
9.26822
8.93515
9.18902
9.10345
8.66798
8.99849
8.82193
8.68455
8.82193
8.53314
8.4723
8.66798
8.19715
8.35907
8.35907
8.35907
8.35907
8.06422
8.54872
8.54872
8.39565
8.39565
8.63443
8.92322
8.68444
8.68444
8.68444
8.68444
8.68444
8.56086
8.53128
8.32208
8.39565
8.52663
8.33357
8.33357
8.33357
8.33357
8.0622
8.0622
8.0622
8.0622
8.0622
8.0622
8.0622
8.0622
7.92658
8.0622
8.0622
8.0622
8.0622
8.0622
8.0622
7.92658
8.03221
7.89982
7.90036
7.90036
7.90036
7.90036
7.44305
7.44305
7.44305
7.44305
7.44305
7.44305
7.44305
7.42269
7.42269
7.42269
7.42269
7.82816
7.88199
7.88199
7.74715
7.74715
7.64931
7.74715
7.74715
7.88125
7.88199
7.88199
7.88199
7.88199
7.72805
7.88199
7.88199
7.71148
8.41477
8.41477
8.71438
8.57791
9.02089
9.85467
10.3035
11.0481
12.9264
12.7778
13.252
13.6441
13.6441
13.2757
14.1984
13.4663
13.7371
13.7371
14.0734
13.9164
14.4
14.4
14.4
14.0749
14.4
13.9221
13.8939
14.0695
13.6074
13.3841
13.3841
13.5744
13.5744
13.1308
13.1308
13.1308
13.1308
13.1308
13.1308
12.9446
13.1308
13.0699
13.0142
13.0142
12.4268
12.4268
13.3296
13.4055
13.8687
13.7202
13.8656
13.8748
13.8625
15.0666
15.6463
15.6463
16.1605
15.6463
15.6463
15.6463
16.3813
17.4717
17.4717
19.0297
18.4072
17.5355
18.9452
17.8752
15.4559
15.2064
15.2064
14.8419
15.1423
15.1423
15.7053
15.2064
14.137
14.0273
13.359
13.3226
13.3766
13.307
13.307
13.0254
12.7795
12.2945
13.5248
12.5278
12.3668
12.3668
12.3668
12.4476
12.5007
12.1828
13.2587
11.9113
11.7454
11.7454
11.7454
11.7454
11.7454
11.909
11.909
11.909
12.0274
11.7731
11.7731
11.7698
11.6405
11.6405
11.6405
11.459
11.459
11.459
11.459
11.4186
11.4186
11.4186
10.868
10.868
10.868
10.868
10.868
11.113
11.113
11.113
11.1963
11.7639
11.7639
11.6669
11.3915
11.3915
11.6133
11.31
10.9372
11.3599
11.0595
10.47
10.47
10.1474
10.1474
10.1474
10.1474
10.4904
10.0142
10.1882
10.1914
10.9042
10.7691
10.7691
9.44749
10.8502
11.4831
11.5642
11.5642
11.4721
11.4721
11.2026
11.5645
11.7394
11.5939
11.5917
11.5908
11.8767
11.6922
10.9038
10.9038
11.4762
11.4762
11.8767
11.8767
11.652
11.4288
11.652
11.652
11.652
11.4602
11.2247
10.9203
10.9203
10.8667
10.4983
10.3334
10.3334
10.6361
10.9252
10.9252
10.1383
10.4148
10.4148
10.2329
9.61267
10.546
10.546
10.546
11.3212
11.0802
11.0802
11.0802
10.2136
10.2136
9.64354
9.48952
9.966
10.5158
10.0648
9.86631
9.8719
9.86326
8.83991
8.83991
8.83991
8.83991
8.83666
8.83666
8.83666
8.83666
8.83991
8.65764
9.53955
9.53955
9.53955
9.43209
8.45356
8.45356
8.91206
8.70932
8.70932
8.45356
8.45356
8.45356
8.92987
8.45356
8.77073
8.45356
7.95595
8.2658
7.80576
8.46778
8.46778
8.46778
9.59051
8.75142
8.75142
8.75142
8.53993
8.53993
8.53993
8.157
8.44243
9.13631
8.36849
8.36849
8.36849
8.52814
8.52814
8.52814
8.52814
8.58718
8.58718
8.58718
8.58718
8.58718
8.58718
8.22244
8.88289
8.70117
8.73745
8.73745
9.12684
8.48626
8.6639
8.3297
8.3297
7.90927
8.08
8.29643
8.0825
8.08796
7.90927
7.90927
9.63136
7.90602
7.90602
7.90602
7.90927
7.90927
7.90602
8.10945
7.82393
7.82393
7.82393
7.82393
7.78513
7.65641
7.65641
7.65641
8.26763
8.35811
8.48997
8.23771
7.85708
7.85708
7.85708
8.37329
7.95219
7.95219
7.95219
8.52909
8.52909
8.52909
8.52909
8.52909
8.52909
8.52909
8.52909
8.75983
8.75983
9.53037
10.1061
9.95835
8.84806
8.84806
8.8517
8.8517
8.84806
8.82744
7.77999
7.77999
8.65909
7.65201
7.88867
8.26639
7.88867
8.32434
8.24244
8.24244
8.06238
8.06238
8.06238
8.06238
8.228
8.228
8.228
7.73506
7.73506
7.73506
7.73506
7.3296
7.3296
7.3296
8.10681
8.19242
8.19242
8.10537
7.83553
8.04663
8.13129
8.13129
8.23071
8.27601
8.14026
8.14026
8.06046
8.06046
8.06046
7.88687
7.88853
7.88853
8.42642
8.90794
9.1392
8.82501
8.72945
8.72883
8.80892
8.80892
8.84912
8.72945
7.98795
7.70069
7.77
7.70069
7.70069
8.15201
9.14395
9.49181
9.81186
9.15126
8.42259
9.15126
9.13454
8.44783
8.44783
8.44783
8.41549
8.41549
8.41549
8.91473
9.6469
9.3635
9.6469
10.7908
10.4411
11.0541
10.2216
10.2018
9.65571
9.5135
10.4755
10.5011
10.3838
10.3838
10.3838
10.2482
10.3838
9.90906
10.2195
9.96301
9.96301
10.1544
9.37269
9.94859
9.94859
9.94859
9.54299
9.54299
9.50349
9.54299
9.54299
9.54299
9.40815
9.40815
9.40815
9.40815
9.54299
9.54299
9.40815
9.40815
9.40815
9.86177
9.94825
9.54299
9.54299
9.33924
9.33924
9.54299
10.2535
10.2361
11.4036
11.5114
11.3775
11.3508
11.3508
11.3508
11.4186
11.2401
11.2401
11.2401
11.2401
11.2401
11.2401
10.3216
10.3216
10.6301
10.6301
11.354
11.2432
11.2432
11.2432
11.2432
10.7818
10.7818
11.3827
12.4981
12.6176
12.167
12.1119
12.1119
11.4401
11.4401
11.4401
13.2542
13.376
13.332
13.2495
13.7466
13.7466
13.7756
12.7568
12.4483
11.9981
12.2802
12.2802
11.7679
11.7169
11.7169
11.7679
12.2788
11.7961
11.7225
11.2777
11.4144
11.4144
11.4144
11.4144
11.4144
11.8137
11.4521
11.6908
10.7322
10.7322
10.9191
10.1345
10.7069
10.7069
10.6484
10.6484
10.6471
10.6471
10.6471
10.6484
10.6484
10.6571
10.6571
10.6571
10.923
10.9317
10.9317
10.9317
10.9317
10.9317
10.9969
10.9948
10.6762
10.6762
10.8406
10.3685
10.1225
10.1225
10.1225
10.677
9.44163
10.0009
9.58664
9.53282
8.64973
8.38255
8.38255
8.38255
8.06232
8.06232
8.06232
7.9099
7.9099
7.9099
8.05755
8.06232
8.06232
8.54363
7.92748
8.40879
8.53316
8.85934
8.93436
7.9279
7.9279
8.56209
10.1123
10.3361
11.2717
10.9975
11.1459
9.72122
10.7494
10.7494
10.9745
10.4707
10.7852
10.9789
10.9789
10.9789
10.9789
10.907
10.9092
10.7896
10.7896
10.7896
10.7896
10.7896
11.1178
11.1178
11.1178
10.9236
10.7069
10.8862
10.8862
10.7069
10.7069
10.7069
10.7069
10.7069
10.7069
10.7069
10.7069
10.7069
10.7069
10.7069
12.3016
12.1777
12.1777
13.1916
13.1916
12.9686
12.9686
12.7571
12.9063
12.9063
12.9063
12.9063
12.125
12.125
12.125
12.125
12.125
12.125
12.125
10.5646
10.5646
10.3354
10.3354
10.3354
9.47284
9.47284
9.47284
9.47284
9.9872
9.9872
10.5671
11.4181
11.9121
12.1084
10.4797
10.4797
10.4797
10.4797
10.4797
10.0574
10.5015
9.85367
9.86374
9.86374
9.69288
9.69288
10.6402
10.6349
10.0032
10.2069
10.0032
10.0083
10.0725
10.0873
9.95361
10.0141
10.1124
10.0239
10.0239
9.68989
9.68989
8.73055
10.0647
9.54679
9.861
9.861
9.861
9.80943
10.3036
10.033
10.033
9.12953
9.08655
9.50873
9.08655
8.98731
9.25997
8.98726
8.98726
8.9872
9.32221
9.32221
9.144
8.90658
8.90658
8.90658
8.90658
8.90658
8.90658
8.90658
8.90528
8.90528
8.90528
8.90528
8.90528
8.90658
8.89847
8.89847
8.9056
8.24701
8.2457
8.24701
8.79016
8.78886
8.78886
8.78886
9.02302
9.02302
9.02432
9.02302
10.4303
9.02302
10.1725
10.4111
10.3056
10.0963
9.11746
9.58835
8.78695
8.78695
8.78695
8.78695
8.22998
8.87274
8.87274
8.67043
8.73345
9.16536
8.83957
9.01805
9.01805
9.01805
8.8389
8.8389
8.8389
8.68524
8.68524
8.55947
8.55947
8.8389
8.37504
8.37504
8.37504
9.08411
8.62242
8.62242
8.62242
8.62242
8.62242
8.62242
8.62242
8.94548
10.2477
9.94919
9.86919
9.55364
9.62374
8.54785
8.90942
8.27556
8.45442
8.45442
8.45442
8.45442
8.92792
8.92792
8.84678
8.46925
8.1546
8.1546
8.1546
8.1546
9.13167
8.84288
8.63913
8.63913
8.63913
8.95415
8.95415
8.77476
8.77476
8.77476
8.56256
8.37805
8.37805
8.37805
9.49209
9.49209
9.49209
9.14041
9.14041
9.56835
8.59293
8.59293
8.59293
10.2352
11.2915
10.3721
10.0097
10.0097
10.0097
10.0097
10.0229
10.0229
10.5914
10.4139
10.4139
10.4139
10.4139
10.4139
9.56163
9.56163
9.56163
9.56163
9.56163
9.56163
9.49703
9.48113
9.63139
8.59223
8.82143
8.51629
8.74539
8.70322
8.70322
8.70322
8.69562
8.96698
9.12621
9.17408
8.93006
8.93006
8.32152
8.32152
8.05016
8.05016
8.05016
7.60466
8.29664
8.61857
9.47243
10.1788
11.0572
10.0229
10.0229
9.37853
9.39883
9.16216
9.04355
8.49851
8.76946
8.7727
8.55785
8.7727
8.7727
9.12799
9.13861
9.13861
9.42052
9.02659
9.35611
9.35611
8.5059
8.5059
8.23453
8.23453
8.5059
8.5059
8.0989
8.5059
8.5059
8.5059
8.23453
8.0989
8.33466
9.58398
10.667
9.77624
9.54048
8.77613
8.77613
8.77613
8.77613
8.77613
8.77613
8.77613
8.77672
8.77672
8.77672
8.77672
8.38596
8.38596
8.38596
8.38596
8.38596
8.38596
8.09717
8.09717
8.38596
8.59855
9.20129
9.6126
9.6126
10.0071
9.86587
9.86587
9.86587
9.86587
9.46115
9.46115
9.46115
9.42018
9.42018
9.42018
9.46115
9.46115
9.54612
9.27802
9.27802
9.73707
9.50131
9.89423
9.89423
10.0814
10.0814
9.73733
10.0974
9.85134
9.85134
9.71948
9.71948
9.44965
9.44965
9.44841
9.44841
9.44514
9.44514
9.44514
9.44514
9.44514
9.44841
9.59857
9.59857
9.59857
9.59857
9.90837
9.75656
9.48063
9.78561
9.78169
9.78169
10.0867
9.78169
9.85388
9.85235
9.66748
9.66748
9.66748
9.66748
9.30646
9.40444
9.40444
8.97785
8.97785
8.97785
9.2346
8.74761
8.74761
8.57132
8.57132
8.07473
8.0735
8.07473
8.20862
8.5222
8.5222
8.5222
8.5222
8.5222
8.5222
8.5222
8.47795
8.47795
8.10164
8.42195
9.12786
8.73728
8.21322
8.53353
8.70216
8.21322
8.70216
8.60287
8.60287
8.21811
8.22616
8.03134
8.0741
8.0741
7.93561
7.61407
7.61407
7.93561
8.2244
8.2244
8.2244
7.90286
7.90286
7.87666
7.43678
7.43678
7.56864
7.56864
7.61407
7.56864
7.42146
7.42146
7.42146
7.55121
7.14799
7.43678
7.20761
6.76327
6.76327
6.76327
6.76327
6.76327
6.76327
6.91882
6.84073
6.84073
6.85815
6.85815
6.43526
6.84226
6.84226
6.85815
6.43526
7.40882
7.40882
7.41035
7.06968
6.76017
7.28189
6.859
6.859
6.87936
8.46909
8.46909
9.9803
9.44703
9.44703
9.44703
9.44703
9.44703
9.44703
9.44703
9.03649
9.03649
8.39502
8.6338
8.6338
8.91272
8.75287
8.75287
8.75287
8.50079
8.50079
8.50079
8.20134
8.20134
8.20134
8.23709
7.95837
7.95837
8.23709
7.95837
7.95837
8.0228
7.76754
7.76754
7.76754
7.54031
7.47875
7.47875
7.25152
7.25152
7.25152
7.8927
7.25152
7.5234
7.5234
7.5234
7.5234
7.5234
7.5234
7.5234
7.38827
7.38401
7.38728
7.38728
7.38827
8.39472
8.60573
8.6747
8.67523
8.67523
8.09885
7.19947
7.19915
7.03788
6.82755
6.82755
6.82755
6.71377
7.31598
7.31598
7.55402
7.14782
7.69649
7.82207
9.66617
9.88037
9.84544
10.9555
10.7282
11.2584
8.8448
10.0444
10.0444
10.3647
10.0968
10.2839
10.1046
10.1046
10.1046
10.2563
9.61754
10.0546
9.79759
9.3958
10.0867
10.1582
10.898
10.3781
10.898
9.77477
9.83703
9.83703
9.96375
10.7199
9.57114
10.4971
10.5149
10.8992
11.751
11.0082
10.3822
10.5163
10.4537
10.0263
10.0281
9.56034
9.56034
9.56034
9.37943
9.37943
9.56034
9.41167
10.546
10.546
10.5407
9.98103
9.98103
9.85025
9.85025
9.85025
9.7719
9.7719
9.85025
9.85525
9.97302
10.4748
10.4748
10.941
10.7561
10.941
10.941
11.2651
11.0795
11.0795
11.0795
11.0795
11.0078
11.0795
11.0795
11.0795
10.3813
10.3813
9.22622
9.22622
9.22622
9.17464
8.87123
8.87123
8.87123
8.7884
8.46576
8.69622
8.46576
8.46343
8.46343
8.46343
8.46576
8.46576
8.46576
8.46343
8.46343
8.46576
8.64889
8.64889
8.6886
8.6886
9.56173
9.56173
9.18641
9.18641
9.18641
9.2407
9.18641
9.4527
8.99986
8.93355
9.1894
8.71149
9.34355
9.34355
8.55783
8.55783
8.55783
8.55783
8.4227
8.4227
8.55783
8.4227
8.4227
8.4227
8.4227
8.4227
8.42265
8.42265
8.42265
8.42265
8.71144
8.51506
8.51506
8.51506
8.51506
8.51506
8.48024
8.48024
8.84295
8.34306
8.19145
8.19145
8.19145
8.19145
8.19145
8.19145
8.70572
10.2893
11.1308
11.8503
11.9195
11.9195
11.8043
11.2721
12.7819
12.2192
12.7819
12.7819
13.0047
12.5431
12.5431
12.2417
12.2417
12.2417
12.0081
12.2716
11.9782
13.0655
12.2333
12.2333
11.9984
11.4782
11.4782
11.4782
11.4782
13.5098
13.8189
13.8189
12.6654
12.6654
13.4219
12.6654
13.6587
13.3569
13.3569
13.3569
13.3569
13.0775
13.6513
14.5694
15.1479
14.6431
14.6287
14.1644
13.4806
12.7834
12.1885
12.1885
12.1355
11.7174
12.2527
12.6144
11.8863
12.3506
11.5054
11.2039
11.2039
11.2039
10.5989
10.9238
11.2039
10.6897
10.6897
10.639
10.639
10.639
10.763
10.763
11.2851
10.4261
10.4079
10.4079
10.4151
10.4151
10.4151
10.4151
10.7357
10.7357
9.62087
9.71685
9.71685
10.4392
9.50162
11.1659
11.3225
10.7599
11.2149
11.2149
11.2149
10.8087
10.8087
10.318
8.87139
8.87139
9.49594
11.1606
11.5626
11.7283
11.6216
11.0849
11.0849
11.0849
11.6544
11.5483
11.5483
11.6734
12.2685
12.7574
12.7574
12.697
12.697
11.9426
12.2595
11.7088
11.6017
11.6017
11.6128
11.9764
12.1595
11.1606
11.6607
11.6085
11.3348
10.4657
10.4657
10.4657
10.4657
10.3125
10.3125
10.3125
10.3125
9.7358
9.30901
9.30901
9.30901
9.91937
9.61316
10.7516
10.7516
10.7516
10.902
10.9161
10.9161
10.9161
10.3709
10.0317
10.2586
10.1339
10.2586
10.2586
10.2586
9.9914
10.2586
10.2586
10.2586
10.3766
10.3663
10.3627
10.3627
10.1242
10.1242
10.8575
9.56544
9.56544
10.3828
10.3816
10.3816
10.3816
10.3816
10.3816
10.3816
10.3816
10.3816
10.3816
10.3816
10.3569
10.3569
10.3569
9.20895
9.20895
9.20895
9.055
9.055
9.055
8.42867
8.42867
8.42867
8.42867
9.45257
9.61035
9.60025
9.59587
9.69909
9.61454
9.59587
9.69139
9.06506
8.6596
8.52566
8.42867
8.29428
8.60806
8.60806
8.42867
8.52645
8.52645
8.52645
8.52645
8.52645
8.52645
8.74924
8.74924
8.81937
8.81937
8.81937
9.55498
9.55498
10.2494
9.62769
9.65406
10.3334
9.59476
9.28493
9.70472
9.70472
9.6452
9.59476
9.35981
9.35981
9.35981
9.35981
9.30904
9.53789
9.37744
8.98826
8.98826
8.92209
8.86627
8.90267
8.90267
8.90267
9.47145
9.47145
9.56999
10.9402
10.5055
10.5055
10.8821
11.1865
10.7979
10.7979
10.7979
10.6465
13.1736
11.9555
11.7859
10.443
11.9571
11.609
11.609
11.438
11.5045
11.5045
11.9471
11.5045
11.6814
11.6814
11.4624
11.5413
11.512
11.1804
11.0035
11.0035
10.5757
9.56762
9.56459
10.0856
9.56211
9.56211
9.56459
9.56459
9.9873
9.81611
9.69869
10.7618
10.4265
10.7584
10.7584
10.7584
10.7584
10.7536
10.7536
10.541
10.2405
10.2405
10.2405
9.80441
10.2362
10.2395
10.419
10.2742
9.66511
9.66511
9.59649
9.59649
9.9208
9.9208
9.33195
8.58793
8.5928
8.5928
8.77228
8.5928
9.22619
9.22619
8.95635
9.18478
8.95635
8.95635
8.95635
9.20058
8.72798
9.20058
8.95635
8.54649
8.7868
8.95482
8.95482
8.95482
8.95482
8.77996
8.77996
8.86534
8.86534
8.86534
8.86534
9.18325
8.79073
8.79073
8.79073
8.79073
9.52728
8.54349
8.07742
8.54349
8.40595
8.40595
8.40595
8.40595
9.2013
9.7067
9.85025
9.85025
9.99344
9.99344
9.99344
9.99344
10.0637
10.1679
10.1679
10.2146
10.2146
10.2146
9.9911
9.96919
9.93782
9.57103
8.6131
8.6131
8.6131
8.77442
8.77442
8.77442
8.77442
8.23803
8.68751
8.77442
8.64337
9.01045
8.88569
8.77568
8.88569
8.77568
8.88569
8.88569
8.56695
8.56695
8.56695
8.50905
8.02098
8.00356
7.95722
7.95722
7.84055
7.84055
7.68739
7.68739
7.68739
7.68739
7.55176
7.55176
7.55176
7.55176
7.55176
7.55176
7.55176
7.55176
7.55176
7.55176
7.55176
7.55176
8.14815
7.55176
7.55176
7.55176
7.55176
7.55176
8.24174
8.01105
8.01105
8.24174
8.24174
8.24174
8.24174
8.24071
8.24071
8.24071
8.24071
8.24071
8.24071
8.24071
8.10662
8.10662
8.10662
8.10662
7.77838
7.77838
7.77838
7.77838
8.23761
8.13629
8.13629
8.13629
8.13629
8.13629
8.13629
8.13629
7.86046
7.86046
8.28265
7.86046
7.86046
8.71006
8.38668
8.38668
8.33254
8.38668
8.38668
8.38668
8.38668
8.38668
8.38668
8.19754
8.19754
7.95875
7.95875
8.1418
8.01362
7.77838
8.01362
8.18661
8.20403
8.20403
8.29914
8.33961
8.23811
8.23811
7.78751
7.78751
7.78751
7.78751
7.78751
8.0763
8.0763
8.33068
8.51564
9.46572
8.94966
8.55594
9.37715
9.46572
9.44995
9.00767
9.43159
9.44995
8.86412
8.86412
8.86412
8.59883
8.86412
7.93211
7.93211
7.93211
7.93211
8.2209
7.93211
7.93211
7.9325
7.9325
7.9325
7.9325
7.92606
7.92606
7.9325
7.9325
7.9325
7.9325
7.9325
7.9325
7.9325
7.9325
7.83687
7.88098
7.88098
8.32277
8.33629
8.33629
7.87454
7.87454
7.87454
7.64611
7.64611
7.64611
7.64611
7.64611
7.64611
7.82838
7.64611
7.64611
8.32704
8.7325
8.05157
8.05157
8.05157
8.93263
8.7288
8.62478
8.26144
8.41787
8.41787
7.94375
8.18171
8.18171
9.12448
9.12448
9.12448
9.46787
8.63411
9.64577
9.47621
9.47621
9.47621
9.10988
9.41428
9.47621
9.47621
9.28469
9.47621
9.12425
10.1236
9.47493
9.38309
9.47493
9.47493
9.10589
9.68777
9.10514
9.10514
9.26951
9.56823
9.13942
9.13942
9.13942
9.13942
9.13942
9.55707
9.16195
9.16195
9.16195
9.16195
9.07329
9.07329
9.07329
9.07329
9.07329
8.75671
9.07329
8.75644
8.75644
8.71295
8.65094
8.33331
8.33331
8.06194
7.92972
7.94408
8.21698
7.81185
7.94408
7.79409
7.79409
7.84034
7.84034
7.80967
7.72214
7.80967
7.80967
7.80967
7.53081
9.51154
9.57183
9.57183
9.57183
10.0556
9.83982
9.83982
9.83982
9.34222
9.63958
9.38052
9.38052
9.38052
9.37029
9.37029
9.37029
8.97617
9.53619
9.38052
9.38052
9.38052
9.38052
9.38052
9.07422
8.99007
8.99007
9.07422
9.37828
9.37828
9.44261
9.44261
9.44261
9.44261
8.88817
8.88817
8.88817
8.88817
10.0751
8.94645
8.14296
9.59859
9.51865
9.56723
9.51865
9.51865
9.51865
9.51865
8.76383
9.16521
9.06624
8.78245
9.06624
9.06624
8.71269
8.71269
8.71269
8.71269
8.71269
8.61734
8.15011
8.15011
8.15011
8.15011
8.15011
8.15011
8.15011
8.55958
8.55958
8.15011
8.15011
8.15011
8.15011
8.28495
8.28495
8.28495
8.28495
8.28495
8.28495
7.97444
7.97444
8.28495
8.28495
8.28495
8.15011
8.15011
8.15011
8.15011
8.15011
8.15011
8.15011
8.15011
8.15011
7.82158
7.82158
7.82158
7.82158
7.81714
7.81714
7.81714
7.81714
7.81714
7.81714
7.81714
8.40975
7.81714
7.81714
7.81714
7.81714
8.49669
8.49669
8.27412
8.40975
8.35952
8.06228
8.61
7.44652
8.61
8.32121
8.32121
8.61
8.61
8.41711
8.41711
8.7441
8.7441
8.7441
8.7441
8.35581
8.35581
8.93567
8.93567
8.93567
7.84757
7.84757
7.84757
7.84757
7.84757
7.84757
7.84757
7.8165
7.8165
7.8165
7.84757
7.84757
7.81153
7.81153
7.81153
7.81153
7.49334
7.79409
7.9172
7.79409
7.79409
7.63011
7.63011
7.63011
7.62891
7.63011
7.63011
7.63011
7.63011
7.81238
7.91737
7.91737
7.91737
7.91737
8.03478
8.04223
8.04223
8.04223
7.63756
7.80531
7.17335
8.20087
7.95474
7.62174
7.4926
7.62174
7.33572
7.93017
7.70738
7.62174
7.58102
7.4513
7.35918
7.4513
7.22741
7.22741
7.22741
7.22741
7.22741
7.22741
6.90374
6.90374
6.90374
6.90374
6.90374
6.90374
6.90374
6.90374
7.29124
6.90374
6.90374
6.90374
6.90374
6.90374
6.90374
6.90374
6.90374
6.76811
6.76811
7.62868
7.4009
7.03501
7.40087
7.40087
7.40087
8.05365
8.45801
7.91543
8.02202
8.02202
7.42773
7.42773
7.42773
7.42773
7.2929
7.42773
8.38227
10.1872
9.77501
10.2841
10.1872
9.16244
9.8394
9.62306
11.7008
11.696
11.3411
11.2011
10.4132
11.6203
11.2315
10.1174
11.3495
12.1311
12.1311
12.1311
12.1311
12.7275
12.2037
12.4051
12.2472
13.4212
13.3163
12.9598
12.9598
11.9747
11.9747
12.4778
12.4778
11.9747
11.9747
11.9739
11.9739
11.9747
12.4778
11.9747
11.9538
11.9538
11.9538
11.9538
12.3395
12.2221
13.0759
12.8766
12.7612
12.7612
12.5135
12.2965
12.2254
12.2254
12.2254
12.2254
12.5936
13.257
13.141
12.5733
12.1451
12.1451
12.3827
12.5346
11.7406
12.3377
11.7697
11.4591
12.0356
12.5648
12.5648
13.2914
13.473
13.473
13.7614
13.6534
14.3346
14.2373
14.2234
14.2679
14.3171
14.6856
13.8949
14.5064
13.0823
13.0823
14.3155
14.3155
14.3155
14.1825
14.3155
15.5352
15.5352
15.5352
15.5281
17.7409
16.8553
16.467
17.0046
17.0046
16.9414
18.5887
18.0372
18.9479
18.9479
18.7279
17.9569
18.8488
18.0244
17.7112
17.9569
17.7457
17.3674
17.3674
16.5385
15.4728
17.4173
17.25
17.0163
16.614
16.614
14.7317
14.7317
14.7317
14.7317
15.5501
15.3899
15.2007
15.2007
14.8952
15.0421
15.1475
15.2029
15.7359
15.48
15.0381
15.0113
13.4716
13.4716
13.4716
13.4716
13.4716
13.4013
13.4013
13.4013
13.2566
13.2566
13.2509
13.2509
13.2566
12.294
12.294
12.294
14.2599
13.9899
13.7954
13.7954
12.6174
12.9385
13.2487
13.0688
13.5588
14.0086
13.7161
12.3558
12.3558
12.9517
14.1814
14.1814
13.0137
14.9054
13.5694
13.115
12.8681
13.9395
14.3191
14.3191
12.2394
12.2394
12.2155
12.1408
12.1408
12.1408
12.1408
12.1408
12.1408
12.1408
12.1408
11.7635
11.6487
12.3018
12.3018
12.221
12.221
13.2378
13.4275
13.3987
13.4155
13.0357
13.0274
13.0357
13.5291
13.5291
13.5291
14.0421
13.3922
13.3922
13.3922
13.3922
13.3922
13.3922
13.3922
13.3424
13.3922
13.3922
13.1964
13.5218
13.4936
14.147
13.4188
13.4188
13.4188
13.4188
13.4188
13.15
14.4973
14.05
13.7655
13.7655
13.7066
13.7655
13.3814
13.3814
13.3814
13.7655
14.153
13.4856
13.9135
13.9135
14.5308
14.5308
14.5308
14.5308
14.5805
14.4945
14.4945
14.1874
14.7056
14.1569
13.9719
13.8258
13.6098
14.0407
13.7497
13.624
13.624
13.3112
13.4719
13.4719
13.4719
13.7224
13.2856
13.2856
13.2856
12.7111
12.6232
12.0337
11.5671
11.9939
11.321
11.321
11.321
11.321
11.321
11.7085
12.3018
12.3004
12.3018
12.3018
12.3018
12.3093
12.5103
12.3093
12.494
12.7663
13.1038
13.5678
13.5678
14.1487
14.4999
15.7502
14.0823
14.0823
14.0823
14.0823
14.0819
14.0823
14.0823
13.7048
13.7052
12.5385
12.5385
12.5385
12.5385
12.5385
12.5385
12.5385
12.2998
12.5385
13.1033
13.4904
13.9475
13.9475
13.589
13.589
13.8527
13.5069
13.2943
13.074
13.2943
13.2943
13.2943
13.7579
13.7579
13.6197
12.1186
12.441
12.0687
12.7159
12.7159
12.95
11.9141
11.8332
12.1193
11.8449
11.3024
11.3024
11.3556
10.8055
10.7522
10.7522
10.7522
10.6376
10.2625
10.9801
11.8358
12.1727
11.6606
11.2142
11.6606
11.3
11.2142
12.1727
12.2762
11.4926
11.4926
12.964
14.1804
12.5918
12.5918
12.5918
12.5918
12.5918
12.2438
12.5918
12.5918
12.4721
11.9283
11.9283
11.8071
11.8071
11.3479
11.2261
11.2261
11.3479
11.2261
11.5104
11.4451
11.4451
11.1088
11.1088
11.1088
10.8066
10.8024
10.8024
11.1046
11.1046
11.6411
11.0909
11.0909
11.0909
10.9815
11.2436
10.8066
10.8066
11.0909
11.0909
10.8066
10.8066
11.4169
12.164
12.164
12.443
12.6151
11.2761
11.1422
11.2761
11.3128
10.9972
11.3128
11.7813
11.7813
11.7813
11.1428
11.0885
11.0885
11.0885
11.0885
11.0885
11.0885
11.4384
11.1618
11.1618
11.2629
11.5721
11.7519
11.9306
11.9306
11.9306
11.9306
11.6466
11.6466
11.6466
11.6466
11.266
11.266
11.266
11.266
11.266
11.6466
11.6466
11.6466
12.8519
12.86
13.7141
13.6821
13.0736
13.0736
13.0736
13.0736
13.8365
14.8001
14.3647
13.6529
15.4454
15.0923
15.055
14.1271
14.7962
14.8766
14.423
14.423
14.6523
14.4314
13.8453
12.9229
12.7437
12.7437
13.4441
13.132
13.6211
13.1691
14.1335
13.4313
12.723
12.8877
13.1007
12.6921
12.8944
12.8944
12.8944
12.7762
13.1695
13.1695
13.2709
13.2709
13.2709
13.9428
15.0531
15.0531
15.0531
15.0531
15.0531
15.0001
15.0001
14.7567
14.7567
14.7567
14.5578
14.4962
14.7567
14.7567
14.5912
14.5912
14.3207
14.9401
16.6005
16.6005
16.6005
16.8168
16.8087
16.6598
17.1311
17.1311
17.9792
18.4262
15.2429
15.2429
16.7717
16.8431
16.8431
16.8413
16.1354
15.759
15.618
15.8003
15.8003
15.8003
15.3792
15.1909
14.3778
14.1764
14.1764
13.9009
13.6735
15.1346
15.1346
14.9738
13.8463
13.3501
13.3501
12.9659
12.7955
12.7955
12.7972
12.7955
12.6774
12.6774
12.6774
12.6774
12.6774
12.6774
13.5164
13.403
13.403
11.4483
12.8096
12.6283
13.1971
13.1971
12.4857
12.0778
12.4666
12.7118
12.9731
12.6997
12.6997
11.9934
11.9934
11.6155
12.2797
12.2797
11.9326
11.5152
10.6276
10.6066
10.6066
10.8912
11.1268
10.9268
10.9268
10.9268
10.9268
10.9268
10.7494
10.2835
10.2835
10.5723
9.79609
9.79609
9.79609
9.79609
10.2786
10.2467
10.2467
10.2467
10.2467
10.2467
10.7821
11.0818
11.0818
10.8007
11.1311
10.884
10.7917
10.7917
10.8005
10.8005
11.2407
11.5419
11.0563
11.0563
10.7551
11.3199
11.3199
11.3485
11.1189
11.463
11.7641
11.463
11.463
10.9449
11.2013
11.393
11.5527
10.7816
10.8972
10.7201
11.328
10.9795
10.6837
10.562
10.562
10.562
10.562
10.562
10.3209
9.83891
9.83891
9.83891
10.3636
10.0639
10.0639
9.71631
9.71631
8.85961
8.85961
8.85961
8.85961
8.78697
8.78697
8.78697
9.08621
9.08621
8.91875
8.91875
8.70645
8.90365
8.90365
8.90365
8.90365
9.09903
10.6895
10.161
10.161
11.9572
10.4786
10.7754
10.5734
9.39404
9.52916
9.52916
9.52916
9.52916
9.52916
10.1239
9.89271
9.66467
9.7098
10.1239
10.0357
10.0357
10.0357
10.0318
9.26
8.47199
8.22206
8.01581
8.01581
8.01581
7.87725
7.87725
7.87725
8.19888
8.16277
8.19888
8.51714
8.51714
8.38375
8.06964
10.0625
9.49566
8.80268
8.80268
8.80268
9.13448
9.13448
9.12247
8.66909
9.12247
9.06654
9.06654
9.13448
9.08498
8.98326
8.57322
8.57322
8.24385
8.24385
8.57322
8.57322
8.57322
8.45541
8.88285
8.88285
8.84755
9.15665
8.52428
9.56396
9.66948
8.25656
8.25656
8.25656
8.70407
8.70407
8.70407
8.70407
9.13718
9.02445
9.02445
9.79581
9.73062
9.68748
9.68748
10.9655
10.1363
9.91444
9.48191
9.91444
9.64245
9.64245
10.0417
10.0417
10.0235
9.55318
9.55318
9.55318
9.55318
9.55318
9.21006
9.32537
8.90289
8.90289
9.43369
9.34368
8.86108
8.86108
9.35611
9.05268
9.05268
8.73546
8.00829
8.00829
8.00829
8.00829
8.00829
8.00829
8.00829
8.00829
8.00829
8.00829
8.00829
8.00829
8.00829
7.88942
7.88106
8.00829
8.53714
8.42535
8.42535
8.42535
8.42535
7.75844
8.25299
8.24452
8.25299
8.09089
7.98086
8.12077
8.12077
7.73968
7.73968
7.73968
7.41965
7.41965
7.41965
7.41965
7.41965
7.41965
7.41965
7.41965
7.30002
7.30002
7.30002
7.30002
8.07157
7.4218
7.4218
7.55743
7.93594
7.94474
7.94474
7.94474
7.94474
7.94474
7.94474
7.81415
7.81415
7.81415
7.81415
7.81415
7.81415
7.81415
7.81415
7.81415
7.74301
7.74301
7.74301
7.74301
8.23458
7.96894
7.67038
7.28251
7.28251
7.5713
7.5713
7.5713
8.25774
7.96894
8.25774
8.25774
7.96894
7.96894
7.96894
8.3645
8.5496
8.22229
8.22229
8.03028
8.03028
8.03028
7.64687
8.06207
7.64687
8.07067
8.07067
7.53969
7.44291
6.79607
6.79607
6.96536
7.0531
6.40994
6.40994
7.01092
7.75844
8.0821
8.38943
8.47959
7.96574
8.34203
8.34203
8.34203
8.01911
7.65867
8.01145
8.06985
7.74185
8.06985
7.28134
6.88974
6.88974
6.88974
6.88974
6.88974
6.88974
7.31263
7.31263
7.31263
7.2952
7.2952
6.88974
6.88974
7.24147
7.3106
7.56596
7.17586
6.66936
6.66936
7.9552
8.40539
9.00286
9.20877
9.37456
9.62349
10.2022
10.5506
10.1044
10.1044
10.1044
9.27699
8.87377
8.87377
8.87377
8.87377
8.78399
8.78399
9.17643
9.17643
9.51035
9.11644
9.11644
9.2274
9.24083
9.78785
9.58049
8.93377
8.9782
8.9782
10.012
9.71923
10.012
10.012
10.0051
10.0051
10.1038
10.5422
10.5249
10.3867
10.7807
10.6596
11.1285
10.1516
10.0322
10.0322
10.0322
10.0322
10.0322
10.0322
10.1516
9.98672
9.98672
9.90831
9.90769
9.90769
9.62212
9.90769
9.98672
9.98007
10.6055
9.95075
9.95075
9.95075
9.95075
10.2221
10.2221
9.60183
9.60183
9.60183
9.60183
9.32774
9.32774
9.32774
9.60183
9.05804
9.05804
9.16516
8.60626
8.60626
8.60626
8.92992
8.90838
8.90838
8.59263
9.03699
10.2056
10.2056
9.73758
9.73758
9.73758
9.92172
10.2169
10.3147
9.76778
9.76778
9.16537
8.93463
8.93463
8.96716
8.96716
9.23754
10.2034
10.1085
10.1085
10.1085
9.57548
9.57548
9.97595
9.97595
10.1496
9.78116
9.70319
9.70319
9.88986
9.88986
9.88986
9.88986
9.60184
9.36229
8.88938
8.88938
8.60059
9.75012
9.09504
9.09504
9.36092
10.1424
10.7199
7.76877
8.25023
8.05756
8.62352
7.76877
7.76877
8.62352
8.62352
8.62352
8.62352
9.11094
9.11094
9.11094
9.11094
9.11094
9.11094
9.11094
9.20016
9.20016
9.20016
9.20016
9.20016
8.81187
8.81187
8.81187
8.66739
8.81187
8.81187
8.81187
8.81187
8.5628
8.5628
8.58024
8.22587
8.22587
8.22587
8.22587
8.11358
8.02329
8.02329
8.02329
8.55735
8.55735
8.55735
8.28595
8.44412
8.44412
8.44412
8.44412
8.44412
8.44412
8.44412
8.44412
8.44412
9.61776
9.61776
10.2937
11.4799
11.4445
11.4445
11.4322
10.3896
10.6693
10.6693
10.846
10.846
11.8752
11.8908
11.6394
10.48
11.4426
11.4426
11.6394
11.4426
11.4426
11.2489
11.9045
11.8489
10.4006
13.668
13.8447
14.0032
14.0032
13.154
14.9316
14.64
15.2789
14.9544
14.8725
14.5063
13.6889
13.6889
13.6889
13.5488
12.9869
12.9869
12.7617
12.7494
12.1522
13.3658
12.8144
11.1328
12.4597
12.4954
12.2452
11.6727
11.4959
11.4959
11.4959
11.3765
11.4959
11.4959
11.5527
12.0275
11.8918
12.7676
12.7633
12.2852
12.7625
12.7762
12.7762
12.7762
12.7762
12.7762
13.0646
13.0646
13.0646
12.8609
13.3037
13.5075
13.901
14.9966
15.2703
13.528
13.528
13.528
13.9175
13.8764
13.3744
13.1253
13.1206
12.659
12.659
12.3486
11.7541
12.9473
13.0971
13.0971
13.0971
13.0971
13.0971
12.3026
12.3026
12.3026
12.3026
12.0454
12.0454
11.8249
11.7778
11.8249
12.3082
11.6518
12.2634
12.2634
11.8768
12.2634
12.4897
14.1299
13.6621
13.678
12.9126
13.1078
12.4363
11.6662
12.0198
11.2433
11.2433
11.2433
10.5639
10.5639
10.5639
11.7023
11.3616
11.2629
11.4685
11.4685
11.4685
11.4912
11.9478
12.1883
12.4956
12.4956
12.3729
12.3665
12.2153
12.2153
12.1442
12.1442
11.5939
11.4473
11.4473
11.4254
11.4254
11.2679
11.287
10.7955
10.7955
10.5682
10.5388
10.5388
10.3791
10.3791
11.0779
10.4451
10.387
10.4277
11.384
11.1105
11.9633
11.9262
9.26956
9.26956
10.3947
10.8947
10.4191
10.5333
10.6791
10.5526
10.5526
11.2532
11.2532
11.1486
11.6037
11.4562
11.4562
11.7955
12.1823
11.1837
11.1837
11.1837
11.0966
10.8984
11.1837
11.1837
10.9248
11.1833
11.1837
10.779
10.2069
9.94422
10.0162
10.5982
10.0421
10.2555
9.91441
9.8173
9.94082
10.0421
10.3076
10.0903
10.8116
10.4209
9.94422
9.74047
10.2172
10.2172
10.2172
10.1094
10.1094
10.1094
10.1094
10.1094
10.3132
10.3132
10.0259
10.0259
9.82217
9.82217
11.947
11.0043
11.2777
11.2297
11.4778
10.0032
10.1884
10.1884
10.1884
10.1884
10.1824
10.1884
10.1884
10.7094
11.1356
10.6202
10.6202
10.6202
10.6202
10.5315
11.6401
11.9143
11.8681
10.7392
11.8681
11.5945
11.5945
10.8554
10.8554
10.8554
11.7653
11.4846
11.4846
11.4846
11.4859
12.6431
12.368
12.6668
13.7229
13.7229
13.0984
12.6207
12.6207
13.2389
12.4848
12.4848
12.4305
12.4305
11.169
11.169
11.169
10.9525
10.9079
10.9525
10.6195
10.8089
10.0105
9.87328
9.87259
9.0644
9.0644
9.0644
8.77714
8.77714
8.77714
8.77714
9.55255
10.3336
9.93868
9.96091
9.3876
9.3876
9.94977
9.55811
9.103
10.6338
10.8158
10.8158
11.7463
11.7463
11.7463
10.3662
10.5485
10.799
11.6746
11.3499
11.3499
11.2019
11.0948
10.9737
10.8007
12.259
12.259
10.6726
11.821
11.821
11.6131
10.656
11.4772
11.4772
11.4426
11.1753
9.90669
11.0636
11.8869
11.527
11.5095
11.5095
11.8412
11.4956
11.4956
11.4956
11.1076
10.9582
11.6445
10.9587
10.7345
10.7345
10.7345
10.7345
11.0757
9.79757
9.49439
9.49439
9.49439
9.49439
9.80714
9.49439
9.49439
9.49439
9.49439
9.49439
9.80714
9.36862
9.49439
9.39276
9.39276
9.80714
10.1986
10.1298
10.6548
10.0721
11.7364
11.4825
11.7451
11.7451
10.9727
10.7469
12.1521
10.9932
10.9932
10.9165
10.7115
10.7115
10.7115
11.4942
9.99026
10.1589
10.1589
10.1589
9.9466
9.59985
9.59985
9.83985
9.81464
9.61183
9.57511
9.44321
9.44321
9.44321
9.44321
9.32878
9.28073
9.16753
9.33505
9.33505
9.15235
9.15235
9.61291
9.70374
9.70374
9.16174
10.0525
9.83186
10.1814
10.1814
9.9573
9.9573
9.98863
9.9573
9.9573
9.66946
9.66946
9.62651
9.66946
9.77909
9.77909
9.47306
9.47306
9.47854
9.46367
8.77387
8.77387
8.38088
8.38088
8.09209
8.09209
8.09209
8.09209
8.09209
8.09209
8.09209
8.38088
8.14969
8.59077
9.26157
9.66306
9.21919
9.21919
9.21919
9.62075
10.6357
10.7751
11.4462
10.1314
10.1314
10.1823
10.9841
10.299
9.69116
9.53688
9.68993
9.68436
9.68436
9.68436
9.68436
9.68436
9.68436
9.68436
9.68436
9.68436
9.68436
9.77436
9.695
9.67627
9.89706
9.86852
9.57035
9.86852
9.86852
9.86852
9.86852
10.3283
10.0034
10.3283
10.2241
10.1225
9.70973
9.34379
9.34379
9.46351
9.34077
9.98735
9.70973
9.98735
9.98735
9.93248
10.6871
10.1091
10.4753
10.5807
10.3392
10.1896
10.1896
10.4783
11.8204
12.4086
12.5031
12.4011
13.4932
12.4748
11.0176
11.8903
12.1623
12.106
11.3769
12.0063
11.3748
11.5651
11.4765
11.0496
11.0989
10.9489
11.2678
11.5441
11.5441
11.5441
11.5441
11.4378
10.973
10.973
10.5766
10.5766
11.5635
10.973
10.8002
10.6935
10.9791
11.0717
11.0721
10.8794
10.8096
10.3285
10.0848
10.0378
10.0086
10.013
9.45614
9.45614
10.0123
10.4201
10.5627
10.5627
10.5627
9.66236
10.9423
11.9949
11.4752
11.9774
11.1326
11.1326
10.8561
10.3121
10.4074
10.7618
10.3459
10.0591
10.0591
9.6475
10.0591
10.0591
10.0591
9.95245
9.90002
9.84472
9.83704
9.6236
9.64717
9.64717
9.15807
9.54964
9.81754
9.81754
9.99362
9.49032
9.49032
9.39866
9.39866
8.91683
8.91683
8.91683
9.18973
9.18973
9.41571
10.9134
10.9134
10.9134
10.6691
10.9432
10.7415
10.3319
10.5111
10.3331
9.68403
9.93758
9.30497
9.30497
9.30497
9.30497
9.30497
9.30497
9.30497
9.30763
9.37761
9.37761
9.645
9.63781
9.3206
9.30497
9.30497
9.01909
9.3206
9.3206
9.3206
9.08305
9.30497
9.19397
9.19397
9.19397
9.19397
8.5305
9.23336
9.10361
8.74147
8.78852
8.74147
8.78852
8.78852
8.78852
8.78852
8.38633
8.38633
8.04455
7.99151
8.04455
7.90942
8.33329
8.78852
8.21509
8.98664
9.55186
9.28879
9.28879
8.98664
8.98664
8.98664
9.3833
10.1637
10.1637
10.1745
9.85014
9.85014
8.54106
8.54106
8.54106
8.19503
8.21413
7.87898
8.21413
8.21413
8.19086
8.21413
8.12958
8.12958
8.12958
8.11048
8.11048
8.11048
8.11048
8.11048
8.11048
8.07264
8.07264
8.07264
8.10971
8.06163
7.9091
7.93038
7.12558
7.86161
7.86161
7.83435
7.81229
7.83435
7.83435
7.77485
7.77485
7.77485
7.77485
8.45324
8.35765
8.0053
7.93476
7.93476
7.93476
7.93476
7.93476
7.93476
7.87848
7.82958
7.87848
7.33079
7.33079
7.33079
7.33079
7.33079
7.33079
7.33079
7.48395
7.48395
7.48395
7.19516
7.19516
7.33079
7.48395
7.48395
7.48395
7.48395
7.48395
7.48395
7.48395
7.48395
7.48395
7.48395
7.48395
7.48395
8.01034
7.93918
7.29345
7.19516
7.19516
7.19516
7.19516
7.19516
8.06574
7.97925
8.06574
8.06574
7.98343
7.98343
7.98343
7.98343
7.98343
7.98343
7.98343
7.98343
8.28836
8.30636
8.38397
10.5213
10.7241
10.6336
10.6336
10.389
10.641
10.7922
9.97837
10.1416
9.71875
9.71875
9.71875
9.63764
9.63764
9.63764
9.63764
9.63764
9.63764
9.72931
9.72931
9.45794
9.96479
9.28856
9.58962
9.58962
8.87898
10.1466
8.97615
10.8583
10.0497
9.5728
9.5728
9.5728
9.15721
9.5728
9.5728
9.15721
9.15721
9.63421
10.9651
11.4743
10.0728
10.6289
9.6365
10.3987
10.771
9.7401
9.7401
9.7401
9.7401
9.56786
9.606
9.42568
9.7401
9.7401
10.8162
10.6737
10.2209
10.2209
10.3077
9.75893
9.96599
10.3697
9.07598
9.07598
9.07598
8.95777
9.5214
9.07598
8.36044
8.36044
8.36044
8.36044
8.36044
8.36044
8.36044
8.07165
8.07165
8.07165
8.07165
8.07165
8.38059
8.07165
8.07165
8.07165
8.07165
8.07165
8.06988
8.25392
8.07165
8.13778
9.07109
8.97464
8.13778
8.04309
7.77172
8.04309
8.04309
8.03671
8.04309
7.77172
8.04156
7.81614
7.77172
7.45867
7.45867
7.45867
7.90632
7.90632
7.90632
7.90632
7.64063
7.64063
7.90632
7.32024
7.32024
8.58567
8.23053
8.23053
8.23053
9.94617
8.79636
8.79636
9.39522
9.39522
9.30456
9.2692
9.2692
9.01937
8.92478
9.28641
8.52745
7.86077
7.86077
7.86077
7.86077
7.86077
7.86077
7.86077
7.86077
7.86077
8.14956
8.14956
7.91098
7.91098
7.91098
7.73165
7.73165
7.91098
7.98491
7.98491
7.98491
7.98491
8.64221
7.91234
8.64221
9.18376
9.18376
8.84881
9.39822
9.62845
9.46353
9.46353
10.2655
10.2655
9.87432
10.4459
9.65118
9.30746
9.1554
9.1554
9.1554
9.1554
8.86661
8.86661
8.86661
8.86661
9.14408
9.47148
9.65862
10.0595
10.2787
9.53638
9.93987
9.61864
9.61864
9.30486
8.83178
7.75089
7.75089
7.75089
7.42797
7.42797
7.42797
7.42797
7.42797
7.42797
7.24864
7.42797
7.42797
7.43221
7.43221
7.43221
7.43746
7.43746
7.43746
7.61679
7.61679
7.61679
7.61679
7.61679
7.48457
7.48457
7.48457
7.48457
10.0239
10.0239
10.007
9.8383
10.0417
9.85935
9.85935
9.85935
9.85935
9.85935
10.298
9.78672
9.76462
9.72143
9.57787
9.33568
9.33568
9.33568
9.33568
9.1711
9.31307
9.15885
8.60681
8.60681
8.5301
8.08093
7.8813
7.8813
7.8813
7.36965
7.36965
8.04754
7.27821
7.92555
7.92555
7.92555
7.92555
7.92555
7.92555
7.92555
8.89611
10.0285
10.2117
10.6794
10.0483
8.79418
8.79418
8.80652
9.445
9.23775
9.0538
9.86014
9.93195
9.62481
9.62481
10.6408
10.0926
10.0926
11.4919
9.84865
9.40853
9.40853
9.40541
9.27303
9.13405
9.10562
8.82709
8.8998
8.8998
8.65038
8.63848
8.32236
8.32236
8.32236
8.32236
8.47281
8.23798
8.07184
8.07184
8.13092
8.33425
7.84374
7.96046
7.96046
9.05184
8.76305
8.76305
8.76305
9.31819
9.31819
9.31819
9.68651
9.68651
8.59472
8.59472
8.59472
8.14191
8.14191
8.14191
8.14191
8.14191
8.14191
9.17691
9.17691
9.17691
8.78874
8.24442
8.24442
8.36624
8.36624
8.36624
8.49846
9.21437
9.03453
9.60384
9.29758
9.29758
9.84182
9.84182
9.84182
9.5893
9.5893
9.16741
8.94385
8.72559
8.72559
8.72559
8.60381
8.60381
8.60381
8.31384
8.01414
8.34654
8.72559
8.72559
8.74594
9.34695
9.63798
9.25371
9.20666
9.38157
9.33374
8.95901
8.71852
8.71852
8.71852
9.33374
9.33374
9.33374
9.33374
9.31898
9.5379
9.31898
9.4823
9.21229
9.63043
9.63043
9.94341
10.6602
10.7765
10.7765
10.7765
10.0823
9.60966
9.18097
8.50079
8.50079
9.53641
9.28633
9.51918
9.76029
9.51918
8.67106
9.51918
8.3811
9.51918
9.51918
9.51918
9.51918
8.52943
8.52943
8.52943
8.48965
11.2456
10.0853
11.0347
11.0347
11.0347
11.6015
11.5191
11.2073
11.5191
11.5191
11.3723
11.2849
11.5408
12.3523
11.6932
11.6932
11.6932
11.6932
11.5251
11.0498
10.6676
10.4571
10.414
10.414
9.80145
9.66089
9.88734
9.88637
9.88637
8.43823
8.43823
9.04471
9.04471
9.04471
8.95391
8.90509
8.90509
8.90509
8.90509
8.90509
8.90509
8.87072
8.87072
8.87072
8.89352
8.21585
8.66947
8.88972
8.52358
8.66794
8.66794
8.66794
8.66794
8.66794
8.8416
8.8416
8.8416
8.8416
8.8416
8.39072
8.39072
8.71558
8.71558
8.84431
8.84431
8.84431
8.84431
8.84431
8.84431
8.84431
8.84431
8.84431
9.81563
9.81563
9.81563
9.81563
9.81563
9.58406
9.81563
8.84559
9.91925
9.49822
9.49822
9.49822
10.0083
10.0083
9.76342
9.76342
9.76342
9.61654
9.61654
9.76342
9.76342
11.069
11.8232
12.2408
10.9239
10.9239
10.9239
10.9239
10.039
10.9227
10.9227
11.0916
11.1237
11.1193
10.0577
10.0577
10.0577
10.0098
9.74214
9.38009
9.74214
10.1506
10.1258
10.1258
9.11048
9.11048
9.11048
9.20994
9.3158
9.3158
9.3158
9.79268
9.72359
9.63073
8.98871
8.81934
8.81934
8.71734
8.67942
8.8426
8.57592
8.57592
8.34547
8.34547
8.34547
8.34547
7.96275
7.96275
7.42695
7.42695
7.42695
7.42695
8.43186
8.36738
8.73998
9.20289
9.08894
9.20289
9.20289
8.82946
8.82946
8.82946
8.8006
8.35799
8.82946
8.82946
8.51733
8.51733
8.6147
8.6147
8.6147
8.6147
8.6147
8.27768
8.27768
8.27768
8.00631
8.00631
8.00631
8.00631
8.00631
8.00631
8.00331
8.02524
8.00331
8.02524
7.87068
8.00631
7.74237
8.1784
8.1784
8.53596
8.53596
7.88471
7.69112
7.69112
7.69112
8.35642
7.8078
7.8078
7.72724
7.72724
7.8078
7.8078
7.8078
7.8078
7.8078
7.63725
7.63725
7.63725
7.63725
7.63725
7.50491
7.31694
7.31694
7.31694
7.31694
8.06676
8.06584
7.96343
8.74907
8.67142
8.67142
8.35312
8.70458
8.70458
8.70458
8.69347
8.27941
8.27941
8.27941
9.04784
8.24653
8.61788
8.84529
8.6141
8.01533
8.26654
8.52191
8.99527
8.74065
8.74065
9.01698
9.01698
8.97721
8.97721
8.97721
8.82487
8.60095
8.51616
8.71912
8.6059
8.71912
7.8937
7.8937
7.8937
7.8937
7.8937
7.8937
7.8937
7.8937
7.8937
7.8937
7.8937
8.2145
9.03431
8.61993
8.7469
8.69442
9.04314
8.73094
8.62751
8.62751
8.62751
8.42222
8.42222
8.42222
8.42222
8.42222
8.14351
8.14351
8.14351
8.10858
8.10858
7.66446
7.66446
7.62142
8.81258
8.34351
8.21559
8.21559
8.19523
8.14351
8.12856
8.12856
7.69354
7.69354
7.69354
7.50603
7.35664
7.29863
7.25083
7.21227
7.10343
7.10343
7.08308
6.86091
6.84055
6.72388
6.72388
6.72388
6.84055
6.84055
6.84055
6.84055
6.84055
7.11464
7.11464
7.11464
7.11464
7.11464
7.11464
7.11464
7.11464
6.43509
6.89359
7.11464
7.16322
6.72388
6.72388
6.72388
6.72388
7.17911
7.76496
7.76496
9.19628
8.66076
8.34084
7.62451
7.62451
7.60416
7.60416
7.60416
7.60416
7.60416
7.60416
7.60416
7.60416
7.45325
7.45325
7.58547
7.58547
7.58547
7.58547
7.58547
7.58547
7.58176
7.58176
7.49864
7.46088
7.50066
7.50066
7.50066
7.50066
7.50066
7.77954
7.77954
8.04881
8.04881
8.42329
7.82014
7.49913
6.74189
7.08381
6.74189
7.08381
7.4908
7.89931
7.89931
7.09164
7.09164
8.6035
8.6035
9.37537
9.1691
9.37537
9.24965
8.8225
8.38265
8.38265
8.26445
7.93548
8.26458
8.26458
8.66306
8.5721
8.26458
8.26458
8.26458
8.26458
8.17016
8.17016
8.17016
8.17016
9.20477
8.5609
8.95046
9.88008
10.123
10.123
10.123
10.1017
9.13469
9.61815
10.0712
10.0712
10.0712
10.6058
10.4222
10.4222
10.0247
10.0247
9.58016
10.0463
9.94171
9.78034
8.37813
8.37813
9.93293
9.93293
9.16541
9.09502
9.71747
9.33837
9.33837
10.1144
9.13857
9.13857
9.13857
9.13857
9.13857
9.31783
9.16281
9.13857
9.13857
9.13857
9.13857
9.18645
9.18645
9.66333
9.51363
9.58549
9.58549
9.58549
9.70597
9.6618
10.2435
10.2435
10.1195
10.1195
9.75815
9.91377
9.77426
9.91377
10.0519
9.24726
9.24726
9.18764
8.87951
8.87951
8.90619
9.64505
9.64505
11.258
11.1745
10.8311
10.8311
10.2295
9.45195
9.45195
9.45195
9.45195
9.45195
9.26837
9.3674
9.3674
9.54532
9.45319
9.22957
9.22957
9.22957
9.13178
9.42282
9.33704
10.2788
9.55375
10.5877
10.5889
10.5889
10.3963
10.6476
10.1271
10.3989
10.7191
10.7191
10.2579
10.2338
10.4683
9.64167
9.39502
9.39502
9.30923
9.39502
9.30923
8.72271
8.75939
8.84517
8.84517
8.84517
8.84517
8.79107
8.84517
8.79629
8.79629
9.43838
8.80605
8.56572
8.79549
8.79549
8.79549
8.79549
8.79549
8.79117
8.49168
9.3334
10.6368
10.6368
11.0271
11.0271
10.4792
10.4792
9.84554
9.17036
9.17036
9.17036
9.17036
8.93563
8.61925
8.27845
8.27845
7.87196
8.73447
8.73447
8.1008
8.1008
8.1008
9.07082
9.07082
8.68845
9.76924
10.0701
10.2008
10.2464
10.2464
9.68795
9.58519
9.37435
9.80716
9.80192
10.8448
9.25143
9.58898
9.20188
9.31761
9.31761
9.08239
9.08239
9.08239
8.80463
8.80463
9.08239
9.08239
9.08239
9.08239
9.08239
9.08239
9.08239
9.08239
9.01472
9.01472
8.87909
8.87909
9.12984
9.12984
9.10657
9.09541
8.79976
9.09541
9.09541
9.09541
8.93613
8.93613
8.76133
8.76133
8.93613
8.93613
8.61387
8.93501
8.93501
8.7925
8.7925
8.7925
8.91931
8.67363
8.67363
8.2154
8.6067
8.6067
9.07692
8.85858
9.52583
9.56433
9.65013
9.65013
9.65013
9.65143
9.34633
9.22117
9.38992
9.93605
9.93605
10.2856
9.86342
10.2657
10.0505
10.0505
10.0548
11.0276
11.0276
11.5108
11.7844
11.3333
12.1826
10.2181
10.2181
10.2208
10.2099
10.2208
11.6356
11.6356
11.2992
11.6356
11.6356
11.6356
11.476
12.0883
12.0405
11.3661
11.3661
11.3446
11.2675
11.2341
10.9931
10.9931
10.3266
11.3807
11.4271
11.2547
11.2547
11.3017
11.6684
11.4146
11.7163
11.1817
11.0321
10.3442
11.5222
11.4814
11.0168
10.056
10.0512
10.0512
10.0512
9.96542
11.042
11.3693
10.4308
10.4308
10.8586
8.91268
9.45832
9.45832
9.14899
9.26453
9.26453
9.4486
9.4486
9.30132
9.30132
9.30132
8.51277
9.30132
9.95364
10.803
10.6541
9.53281
9.53281
9.53281
9.53281
9.53281
9.53281
9.53281
9.7716
9.7716
10.0851
10.6167
10.6167
10.1553
10.1553
10.1553
10.1518
10.5595
10.472
9.58286
9.58286
9.58286
9.58286
9.58286
9.75993
9.75993
9.29244
8.03244
8.03244
8.03244
8.90462
7.99293
7.99293
8.41237
9.56439
9.56439
8.87201
8.85908
9.23497
9.58708
9.28752
9.60963
9.96788
9.46848
9.00305
9.50619
9.18052
9.18052
9.75243
9.078
9.3368
9.5905
9.60118
9.33009
9.33009
9.33009
9.13852
9.13852
9.28944
9.81448
9.31313
9.35655
9.31313
9.31313
9.31313
9.29358
9.29358
9.43812
9.29358
9.43812
9.42686
9.3859
9.3859
9.96556
9.95831
9.77438
9.95831
8.64794
9.45399
9.43904
9.43904
9.43904
8.84505
8.84505
9.03189
9.03189
8.531
8.531
8.61973
8.59373
8.59373
8.59373
9.07577
8.52772
8.52973
8.59373
8.59373
8.59373
7.99085
8.51075
8.37672
8.37672
8.84242
8.28301
8.28301
8.79316
9.00726
8.37672
8.37672
8.19315
8.07719
8.14457
8.14457
8.14457
8.14457
8.14457
8.14457
8.14457
8.14457
8.14457
7.92402
8.14457
7.41397
7.41397
7.41397
7.41397
7.41397
7.69621
7.69621
8.09352
8.1421
7.78992
7.73888
7.64517
7.64517
7.70276
7.93396
7.93396
7.78029
7.93396
8.05166
8.05166
8.05166
7.78029
8.05166
8.41964
8.61067
9.16722
9.16722
9.23732
9.06839
9.65901
9.65901
9.94802
9.86702
10.1571
10.3163
10.3163
10.3163
10.3163
10.3163
10.3163
10.6264
9.70103
9.70103
9.70103
9.70103
9.70103
9.96125
9.985
9.96933
9.19787
9.67952
9.30413
9.30413
9.30413
9.30413
9.30413
9.30413
10.0183
10.3233
10.7438
10.4414
10.0166
10.5951
10.5951
10.765
10.2761
10.8312
10.5328
10.5328
11.0011
10.969
10.9308
11.0172
10.6833
10.6833
11.3262
10.0935
11.2568
11.2805
11.0444
11.7008
9.8571
8.89403
9.20901
9.17955
9.17955
9.01033
9.01033
9.01033
9.0087
8.94076
8.94076
8.94076
8.94076
8.45609
8.75945
8.89707
8.66907
8.39054
8.39054
8.39009
8.58112
8.2417
8.2417
8.11921
8.11921
8.08273
8.08273
8.08273
7.93743
7.93743
7.93434
7.93434
7.93434
7.93434
7.93434
8.26117
8.26117
9.83113
8.42019
9.0595
8.32781
8.32781
9.16307
9.06696
9.06696
9.2707
9.2707
9.78513
9.78513
9.8495
9.56248
9.56248
9.74734
9.74734
8.97728
8.97728
8.97728
8.97728
8.97728
8.74878
8.97728
8.84543
8.84543
8.84543
8.84543
9.029
8.21739
8.21739
8.38065
8.15215
7.96
7.69315
7.69315
7.72926
8.38239
8.38239
8.47692
8.47692
8.66704
8.09231
9.40712
10.3934
10.2021
9.81863
9.20934
9.20934
9.20934
9.18898
9.18898
8.81192
8.83227
9.20518
9.18483
9.05997
8.83787
9.65295
9.65295
9.65295
9.53111
8.73142
8.91499
9.65295
9.75534
9.06704
9.06704
9.04358
9.06336
9.06336
