0           0           0
0.0230664           0           0
0.0461329           0           0
0.0691993           0           0
0.0922657           0           0
0.115332           0           0
0.138399           0           0
0.161465           0           0
0.184531           0           0
0.207598           0           0
0.230664           0           0
0.253731           0           0
0.276797           0           0
0.299864           0           0
0.32293           0           0
0.345996           0           0
0.369063           0           0
0.392129           0           0
0.415196           0           0
0.438262           0           0
0.461329           0           0
0.484395           0           0
0.507461           0           0
0.530528           0           0
0.553594           0           0
0.576661           0           0
0.599727           0           0
0.622794           0           0
0.64586           0           0
0.668926           0           0
0.691993           0           0
0.715059           0           0
0.738126           0           0
0.761192           0           0
0.784259           0           0
0.807325           0           0
0.830391           0           0
0.853458           0           0
0.876524 0.000294562 0.000149984
0.899591   0.0042442 0.000815117
0.922657   0.0593158  0.00280046
0.945724    0.372838   0.0123688
0.96879     1.32498   0.0211693
0.991856     2.94072   0.0304239
1.01492     4.83063   0.0181142
1.03799     6.16919   0.0246137
1.06106     6.55211   0.0392371
1.08412     6.03686   0.0435013
1.10719     4.92739   0.0300483
1.13026      3.6166   0.0226478
1.15332     2.43427   0.0120711
1.17639     1.49067   0.0148823
1.19945    0.854453   0.0116091
1.22252    0.461708   0.0135097
1.24559    0.225523  0.00885707
1.26865    0.107045  0.00582725
1.29172   0.0576973  0.00446577
1.31479   0.0471899  0.00386573
1.33785   0.0719581   0.0053958
1.36092    0.135645  0.00724348
1.38399    0.239593  0.00661342
1.40705    0.394926  0.00725371
1.43012    0.597244  0.00700422
1.45319    0.845323  0.00556157
1.47625     1.06494  0.00722889
1.49932     1.25187   0.0133472
1.52238     1.30605   0.0140425
1.54545     1.25336   0.0168185
1.56852     1.08311   0.0121569
1.59158    0.863515  0.00541544
1.61465    0.615295  0.00511505
1.63772    0.410689  0.00992021
1.66078    0.287212  0.00951229
1.68385    0.246204   0.0114085
1.70692    0.319829   0.0112506
1.72998    0.560321   0.0174802
1.75305    0.971477   0.0179432
1.77612     1.59128   0.0146775
1.79918     2.31218  0.00925806
1.82225     3.00235   0.0124225
1.84531     3.48363   0.0257879
1.86838     3.65023    0.029658
1.89145     3.43327   0.0324112
1.91451     2.93536   0.0275111
1.93758     2.25465  0.00932115
1.96065     1.60037   0.0115342
1.98371     1.04665   0.0152104
2.00678     0.69391    0.016045
2.02985    0.555234   0.0175888
2.05291     0.59478   0.0125501
2.07598    0.775203   0.0113143
2.09905     1.01089  0.00567128
2.12211     1.22809  0.00371231
2.14518     1.36748   0.0117666
2.16824     1.38535   0.0153836
2.19131     1.24194  0.00905663
2.21438     1.04306  0.00549493
2.23744    0.859307  0.00998731
2.26051    0.745836   0.0142342
2.28358    0.742651   0.0188272
