0.8
0.799921
0.799683
0.799288
0.798734
0.798021
0.797151
0.796123
0.794937
0.793593
0.792093
0.790435
0.788621
0.786652
0.784527
0.782247
0.779813
0.777228
0.774491
0.771603
0.768566
0.765382
0.762053
0.75858
0.754962
0.7512
0.747295
0.743249
0.739064
0.734742
0.730283
0.725687
0.720956
0.716092
0.711096
0.705971
0.700718
0.695339
0.689837
0.684214
0.678471
0.67261
0.666635
0.660548
0.654352
0.64805
0.641646
0.635143
0.628541
0.621845
0.615058
0.608182
0.601223
0.594184
0.587069
0.579881
0.572624
0.565303
0.55792
0.550481
0.54299
0.535451
0.527868
0.520246
0.512591
0.504906
0.497197
0.489469
0.481725
0.473973
0.466216
0.45846
0.450711
0.442973
0.435252
0.427554
0.419884
0.412247
0.404649
0.397095
0.389591
0.382143
0.374755
0.367434
0.360184
0.353012
0.345923
0.338921
0.332013
0.325203
0.318496
0.311898
0.305414
0.299048
0.292804
0.286688
0.280703
0.274855
0.269147
0.263583
0.258166
0.252902
0.247793
0.242842
0.238052
0.233426
0.228967
0.224677
0.220559
0.216614
0.212844
0.209251
0.205837
0.202602
0.199547
0.196673
0.19398
0.191469
0.18914
0.186992
0.185024
0.183236
0.181628
0.180198
0.178944
0.177866
0.176962
0.176228
0.175663
0.175266
0.175033
0.174961
0.175047
0.17529
0.175684
0.176228
0.176917
0.177748
0.178717
0.17982
0.181054
0.182415
0.183897
0.185498
0.187212
0.189036
0.190965
0.192994
0.195118
0.197335
0.199638
0.202023
0.204486
0.207022
0.209627
0.212296
0.215024
0.217807
0.22064
0.22352
0.226441
0.229399
0.23239
0.235409
0.238453
0.241517
0.244598
0.247692
0.250795
0.253904
0.257014
0.260121
0.263223
0.266316
0.269397
0.272463
0.27551
0.278536
0.281538
0.284513
0.287458
0.290372
0.293251
0.296094
0.298898
0.301661
0.304381
0.307057
0.309687
0.312268
0.3148
0.317281
0.31971
0.322086
0.324408
0.326675
0.328886
0.331042
0.33314
0.335182
0.337166
0.339093
0.340961
0.34277
0.344521
0.346213
0.347848
0.349425
0.350944
0.352406
0.353811
0.35516
0.356454
0.357692
0.358876
0.360007
0.361085
0.362111
0.363087
0.364014
0.364893
0.365724
0.36651
0.367251
0.36795
0.368606
0.369222
0.3698
0.37034
0.370845
0.371316
0.371754
0.372161
0.372539
0.372888
0.373212
0.37351
0.373786
0.374041
0.374277
0.374495
0.374697
0.374886
0.375061
0.375226
0.375381
0.375529
0.375672
0.37581
0.375944
0.376078
0.376212
0.376347
0.376486
0.376629
0.376777
0.376933
0.377097
0.377271
0.377455
0.377651
0.377861
0.378084
0.378323
0.378577
0.378849
0.379139
0.379447
0.379774
0.380122
0.38049
0.38088
0.381292
0.381726
0.382181
0.382658
0.383158
0.38368
0.384226
0.384795
0.385386
0.386
0.386637
0.387297
0.387979
0.388684
0.389412
0.390161
0.390932
0.391723
0.392535
0.393367
0.394218
0.395088
0.395976
0.396882
0.397805
0.398744
0.399698
0.400667
0.401649
0.402645
0.403654
0.404673
0.405704
0.406745
0.407795
0.408854
0.409922
0.410996
0.412076
0.413161
0.414252
0.415346
0.416443
0.417542
0.418643
0.419744
0.420845
0.421945
0.423044
0.424141
0.425235
0.426325
0.427411
0.428492
0.429567
0.430637
0.431699
0.432754
0.433802
0.434841
0.435871
0.436892
0.437904
0.438906
0.439898
0.440879
0.441849
0.442807
0.443753
0.444688
0.445611
0.446521
0.447419
0.448303
0.449174
0.450033
0.450878
0.451708
0.452524
0.453326
0.454113
0.454885
0.455642
0.456385
0.457113
0.457826
0.458524
0.459207
0.459876
0.460529
0.461167
0.461788
0.462393
0.462982
0.463555
0.464112
0.464652
0.465176
0.465683
0.466173
0.466646
0.467103
0.467542
0.467965
0.46837
0.468759
0.46913
0.469482
0.469817
0.470134
0.470433
0.470713
0.470974
0.471215
0.471438
0.471641
0.471825
0.471989
0.472133
0.472256
0.472359
0.472441
0.472501
0.472541
0.472559
0.472556
0.47253
0.472482
0.472412
0.472318
0.472202
0.472062
0.471898
0.47171
0.471499
0.471263
0.471002
0.470718
0.470409
0.470076
0.469718
0.469335
0.468926
0.46849
0.468029
0.467541
0.467027
0.466486
0.465918
0.465324
0.464702
0.464055
0.46338
0.462678
0.461948
0.461192
0.460408
0.459596
0.458757
0.457891
0.456998
0.456077
0.455129
0.454157
0.453158
0.452133
0.451082
0.450005
0.448902
0.447775
0.446621
0.445443
0.444241
0.443014
0.441764
0.44049
0.439193
0.437874
0.436533
0.435171
0.433789
0.432387
0.430965
0.429524
0.428065
0.42659
0.425097
0.423589
0.422065
0.420527
0.418978
0.417415
0.41584
0.414254
0.412659
0.411053
0.409439
0.407818
0.406192
0.40456
0.402926
0.401289
0.39965
0.398011
0.396373
0.394737
0.393106
0.391478
0.389857
0.388242
0.386635
0.385037
0.383449
0.381873
0.380309
0.378759
0.377226
0.375709
0.374209
0.372729
0.371268
0.369829
0.368411
0.367018
0.365648
0.364305
0.362988
0.361699
0.360439
0.359208
0.358007
0.356839
0.355703
0.3546
0.353531
0.352498
0.3515
0.350539
0.349614
0.348728
0.34788
0.34707
0.346299
0.345568
0.344876
0.344225
0.343614
0.343044
0.342515
0.342028
0.341582
0.341178
0.340815
0.340493
0.340213
0.339974
0.339776
0.339619
0.339502
0.339426
0.33939
0.339393
0.339435
0.339516
0.339635
0.339792
0.339986
0.340216
0.340483
0.340785
0.341123
0.341494
0.341898
0.342334
0.342802
0.3433
0.343829
0.344386
0.344973
0.345587
0.346228
0.346895
0.347588
0.348305
0.349045
0.349808
0.350593
0.351399
0.352225
0.35307
0.353934
0.354816
0.355714
0.35663
0.35756
0.358505
0.359464
0.360437
0.361423
0.36242
0.363428
0.364446
0.365473
0.366509
0.367553
0.368605
0.369664
0.370728
0.371799
0.372875
0.373956
0.375041
0.376131
0.377224
0.378321
0.379421
0.380523
0.381627
0.382733
0.383841
0.384949
0.386059
0.38717
0.388281
0.389391
0.390502
0.391612
0.392721
0.393829
0.394936
0.396042
0.397147
0.398251
0.399352
0.400452
0.401549
0.402644
0.403737
0.404829
0.405918
0.407006
0.40809
0.409171
0.410249
0.411322
0.412392
0.413458
0.414519
0.415577
0.416629
0.417677
0.41872
0.419759
0.420793
0.421822
0.422847
0.423865
0.424878
0.425886
0.426889
0.427885
0.428875
0.429858
0.430833
0.431802
0.432764
0.433718
0.434664
0.4356
0.436527
0.437445
0.438353
0.439252
0.44014
0.441018
0.441886
0.442741
0.443586
0.444418
0.445239
0.446048
0.446844
0.447628
0.448398
0.449156
0.4499
0.450629
0.451345
0.452045
0.452732
0.453404
0.454061
0.454703
0.455329
0.455939
0.456533
0.45711
0.45767
0.458213
0.458739
0.459248
0.459739
0.460214
0.460671
0.461111
0.461533
0.461937
0.462324
0.462693
0.463043
0.463374
0.463688
0.463985
0.464262
0.464523
0.464765
0.464989
0.465194
0.465382
0.465552
0.465703
0.465838
0.465955
0.466055
0.466138
0.466204
0.466253
0.466286
0.466301
0.466301
0.466285
0.466253
0.466208
0.466147
0.466071
0.465981
0.465879
0.465763
0.465632
0.465489
0.465332
0.465162
0.46498
0.464784
0.464577
0.464358
0.464128
0.463888
0.463637
0.463375
0.463102
0.46282
0.462527
0.462224
0.461911
0.46159
0.461261
0.460923
0.460577
0.460221
0.459857
0.459484
0.459103
0.458714
0.458318
0.457915
0.457503
0.457084
0.456658
0.456225
0.455784
0.455337
0.454882
0.454421
0.453953
0.453478
0.452997
0.452509
0.452014
0.451513
0.451005
0.45049
0.449968
0.44944
0.448905
0.448364
0.447817
0.447263
0.446703
0.446137
0.445564
0.444984
0.444398
0.443805
0.443206
0.442601
0.441989
0.441371
0.440746
0.440115
0.439478
0.438835
0.438187
0.437532
0.436871
0.436205
0.435533
0.434855
0.434172
0.433484
0.43279
0.432092
0.431389
0.430682
0.42997
0.429254
0.428534
0.427811
0.427084
0.426353
0.425618
0.42488
0.42414
0.423397
0.422651
0.421903
0.421154
0.420404
0.419653
0.418902
0.418152
0.417402
0.416653
0.415906
0.415159
0.414415
0.413672
0.412933
0.412198
0.411467
0.410739
0.410017
0.4093
0.408588
0.407882
0.407183
0.406491
0.405806
0.40513
0.404462
0.403803
0.403154
0.402515
0.401887
0.40127
0.400665
0.400072
0.399491
0.398925
0.398371
0.397832
0.397307
0.396797
0.396303
0.395824
0.395363
0.394918
0.39449
0.394079
0.393685
0.393309
0.39295
0.39261
0.39229
0.391988
0.391705
0.391441
0.391196
0.39097
0.390763
0.390575
0.390407
0.390259
0.39013
0.390019
0.389928
0.389856
0.389803
0.38977
0.389756
0.389759
0.389781
0.389821
0.389878
0.389953
0.390045
0.390155
0.390282
0.390424
0.390583
0.390757
0.390946
0.39115
0.391367
0.391598
0.391842
0.392098
0.392366
0.392646
0.392935
0.393235
0.393545
0.393863
0.394191
0.394526
0.394868
0.395217
0.395573
0.395933
0.396298
0.396665
0.397036
0.39741
0.397786
0.398162
0.398539
0.398913
0.399286
0.399657
0.400023
0.400385
0.400742
0.401092
0.401436
0.401771
0.402098
0.402415
0.402723
0.403018
0.403302
0.403573
0.403831
0.404074
0.404303
0.404516
0.404712
0.404891
0.405052
0.405194
0.405317
0.40542
0.405502
0.405563
0.405603
0.40562
0.405614
0.405585
0.405532
0.405456
0.405355
0.40523
0.40508
0.404905
0.404703
0.404474
0.404219
0.403937
0.403628
0.403293
0.402931
0.402541
0.402124
0.401681
0.40121
0.400713
0.400189
0.399638
0.399061
0.398458
0.397828
0.397174
0.396495
0.39579
0.395061
0.394308
0.39353
0.392729
0.391904
0.391057
0.390187
0.389297
0.388387
0.387456
0.386506
0.385538
0.384552
0.38355
0.382531
0.381497
0.380448
0.379386
0.378312
0.377227
0.376133
0.37503
0.373918
0.3728
0.371675
0.370545
0.369413
0.368277
0.367141
0.366005
0.36487
0.363738
0.362612
0.36149
0.360376
0.359269
0.358171
0.357084
0.356009
0.354946
0.353898
0.352866
0.351851
0.350854
0.349877
0.799273
0.797801
0.796238
0.794584
0.792842
0.791014
0.789101
0.787107
0.785034
0.782882
0.780653
0.778351
0.775977
0.773534
0.771025
0.76845
0.765813
0.763117
0.760362
0.75755
0.754683
0.751764
0.748796
0.74578
0.742717
0.739611
0.736465
0.733279
0.730055
0.726795
0.723503
0.720179
0.716827
0.713447
0.710042
0.706612
0.703162
0.699692
0.696204
0.692701
0.689185
0.685658
0.682122
0.678578
0.675029
0.671477
0.667924
0.664371
0.660821
0.657275
0.653736
0.650206
0.646687
0.643182
0.639692
0.63622
0.632769
0.629338
0.625932
0.622552
0.619199
0.615877
0.612587
0.609332
0.606113
0.602934
0.599796
0.596701
0.593651
0.590649
0.587695
0.584793
0.581944
0.579151
0.576414
0.573739
0.571126
0.568577
0.566093
0.563676
0.561328
0.55905
0.556845
0.554714
0.552658
0.55068
0.54878
0.54696
0.54522
0.543563
0.54199
0.540501
0.539098
0.537781
0.536552
0.535411
0.53436
0.533399
0.532527
0.531747
0.531056
0.530457
0.529947
0.529529
0.529201
0.528964
0.528817
0.52876
0.528793
0.528915
0.529124
0.529422
0.529807
0.530278
0.530835
0.531475
0.532198
0.533001
0.533884
0.534845
0.535883
0.536997
0.538184
0.539443
0.540772
0.542171
0.543635
0.545164
0.546755
0.548406
0.550116
0.551882
0.553701
0.555572
0.557492
0.55946
0.561473
0.563528
0.565623
0.567756
0.569924
0.572125
0.574358
0.576618
0.578906
0.581219
0.583553
0.585906
0.588276
0.590661
0.593059
0.595467
0.597884
0.600307
0.602732
0.605159
0.607586
0.61001
0.612429
0.614842
0.617247
0.619641
0.622022
0.624388
0.626737
0.629067
0.631377
0.633665
0.635928
0.638166
0.640376
0.642557
0.644708
0.646827
0.648911
0.650959
0.65297
0.654943
0.656875
0.658766
0.660615
0.662421
0.664182
0.665896
0.667564
0.669184
0.670754
0.672275
0.673746
0.675166
0.676535
0.677851
0.679115
0.680327
0.681484
0.682587
0.683635
0.684628
0.685566
0.686449
0.687277
0.68805
0.688766
0.689428
0.690034
0.690586
0.691083
0.691525
0.691914
0.692249
0.692531
0.692761
0.69294
0.693069
0.693148
0.693179
0.693162
0.693098
0.692986
0.69283
0.692629
0.692387
0.692104
0.691782
0.69142
0.69102
0.690582
0.690108
0.6896
0.689059
0.688486
0.687883
0.68725
0.686591
0.685905
0.685195
0.684463
0.683708
0.682934
0.682141
0.68133
0.680503
0.679661
0.678805
0.677938
0.67706
0.676175
0.675282
0.674382
0.673478
0.672571
0.671661
0.670751
0.66984
0.66893
0.668022
0.667117
0.666216
0.665322
0.664435
0.663555
0.662684
0.661821
0.660967
0.660123
0.65929
0.65847
0.657662
0.656866
0.656083
0.655313
0.654557
0.653815
0.653086
0.652372
0.651672
0.650986
0.650314
0.649656
0.649011
0.64838
0.647762
0.647157
0.646565
0.645984
0.645416
0.644858
0.64431
0.643771
0.643241
0.642719
0.642205
0.641699
0.641198
0.640704
0.640214
0.639729
0.639247
0.638767
0.638289
0.637813
0.637338
0.636863
0.636387
0.635911
0.635432
0.63495
0.634466
0.633979
0.633489
0.632996
0.632499
0.631997
0.631491
0.630982
0.630468
0.629951
0.62943
0.628905
0.628376
0.627844
0.62731
0.626773
0.626235
0.625695
0.625155
0.624614
0.624075
0.623537
0.623002
0.622472
0.621947
0.621429
0.620918
0.620416
0.619925
0.619447
0.618983
0.618533
0.618101
0.617687
0.617293
0.616921
0.616573
0.616249
0.615951
0.615681
0.615441
0.615232
0.615054
0.614911
0.614803
0.614732
0.614698
0.614704
0.614752
0.614841
0.614973
0.615149
0.61537
0.615637
0.61595
0.616309
0.616717
0.617173
0.617679
0.618235
0.618841
0.619496
0.620201
0.620955
0.621758
0.622609
0.62351
0.624459
0.625455
0.626499
0.627589
0.628725
0.629905
0.63113
0.632397
0.633706
0.635055
0.636443
0.637867
0.639328
0.640822
0.642349
0.643907
0.645495
0.647109
0.648751
0.650417
0.652106
0.653815
0.655542
0.657286
0.659046
0.660819
0.662605
0.664399
0.666201
0.668008
0.66982
0.671633
0.673448
0.675262
0.677074
0.678882
0.680682
0.682475
0.684257
0.686028
0.687786
0.689529
0.691257
0.692968
0.69466
0.696332
0.697983
0.699611
0.701216
0.702796
0.704349
0.705874
0.707369
0.708835
0.710269
0.711671
0.713037
0.714369
0.715663
0.71692
0.718138
0.719317
0.720455
0.721551
0.722604
0.723614
0.724579
0.7255
0.726374
0.727202
0.727982
0.728714
0.729397
0.730031
0.730614
0.731146
0.731626
0.732053
0.732426
0.732746
0.733011
0.733221
0.733375
0.733474
0.733516
0.733504
0.733434
0.733307
0.733124
0.732882
0.732582
0.732224
0.731809
0.731336
0.730805
0.730216
0.729569
0.728864
0.728099
0.727277
0.726397
0.725458
0.724462
0.723409
0.722299
0.721133
0.71991
0.718631
0.717295
0.715904
0.714458
0.712956
0.711401
0.709793
0.708132
0.706419
0.704656
0.702841
0.700977
0.699064
0.697104
0.695097
0.693044
0.690947
0.688806
0.686623
0.684398
0.682132
0.679827
0.677485
0.675106
0.672692
0.670244
0.667764
0.665255
0.662718
0.660154
0.657567
0.654958
0.652327
0.649677
0.647009
0.644327
0.641633
0.638928
0.636215
0.633497
0.630774
0.628051
0.62533
0.622614
0.619904
0.617204
0.614516
0.611843
0.609186
0.606551
0.603938
0.601351
0.598794
0.596268
0.593776
0.591322
0.588907
0.586534
0.584206
0.581925
0.579693
0.577514
0.57539
0.573323
0.571315
0.569369
0.567486
0.56567
0.563921
0.562242
0.560635
0.5591
0.55764
0.556256
0.554949
0.553721
0.552573
0.551505
0.550518
0.549614
0.548791
0.548051
0.547394
0.54682
0.546329
0.545921
0.545595
0.545352
0.545189
0.545109
0.545108
0.545187
0.545345
0.54558
0.545891
0.546277
0.546737
0.547269
0.547872
0.548545
0.549287
0.550094
0.550966
0.551901
0.552896
0.55395
0.555062
0.556229
0.55745
0.558723
0.560046
0.561416
0.562832
0.564292
0.565795
0.567338
0.568919
0.570535
0.572186
0.573869
0.575582
0.577322
0.579089
0.58088
0.582693
0.584525
0.586376
0.588243
0.590124
0.592017
0.593921
0.595833
0.597753
0.599677
0.601605
0.603535
0.605465
0.607394
0.609319
0.611241
0.613157
0.615066
0.616965
0.618853
0.620728
0.622589
0.624435
0.626263
0.628073
0.629863
0.631631
0.633377
0.6351
0.636797
0.638468
0.640111
0.641726
0.643311
0.644864
0.646385
0.647872
0.649324
0.650741
0.652121
0.653463
0.654766
0.65603
0.657252
0.658433
0.65957
0.660665
0.661717
0.662724
0.663686
0.664603
0.665473
0.666297
0.667074
0.667804
0.668486
0.66912
0.669704
0.670239
0.670725
0.671161
0.671548
0.671885
0.672173
0.672411
0.6726
0.67274
0.672831
0.672874
0.672868
0.672815
0.672715
0.67257
0.672378
0.672143
0.671864
0.671542
0.671178
0.670774
0.670329
0.669847
0.669327
0.668772
0.668182
0.66756
0.666906
0.666223
0.665512
0.664775
0.664014
0.66323
0.662426
0.661602
0.660761
0.659905
0.659037
0.658158
0.657272
0.65638
0.655483
0.654583
0.653684
0.652785
0.651891
0.651003
0.650124
0.649255
0.648398
0.647555
0.646728
0.64592
0.645131
0.644363
0.643618
0.642899
0.642205
0.641539
0.640904
0.6403
0.639728
0.639189
0.638685
0.638217
0.637787
0.637395
0.637042
0.636728
0.636454
0.636222
0.636031
0.635882
0.635776
0.635712
0.63569
0.63571
0.635774
0.635881
0.636029
0.636218
0.636448
0.636719
0.63703
0.637379
0.637767
0.638194
0.638659
0.639159
0.639695
0.640266
0.64087
0.641508
0.642176
0.642875
0.643602
0.644356
0.645136
0.645942
0.646772
0.647624
0.648499
0.649394
0.650308
0.65124
0.652187
0.653148
0.654123
0.655111
0.65611
0.657118
0.658134
0.659157
0.660183
0.661213
0.662246
0.66328
0.664314
0.665346
0.666375
0.667399
0.668417
0.669428
0.67043
0.671423
0.672405
0.673375
0.674331
0.675272
0.676198
0.677106
0.677997
0.678869
0.679721
0.680551
0.681359
0.682144
0.682904
0.683639
0.684347
0.685029
0.685683
0.686308
0.686903
0.687468
0.688003
0.688506
0.688976
0.689412
0.689815
0.690185
0.69052
0.690819
0.691083
0.691309
0.6915
0.691653
0.69177
0.69185
0.691893
0.691898
0.691865
0.691795
0.691688
0.691543
0.691361
0.691143
0.690888
0.690598
0.690271
0.68991
0.689513
0.689084
0.688622
0.688127
0.687601
0.687044
0.686457
0.685839
0.685194
0.684521
0.683823
0.6831
0.682353
0.681582
0.680791
0.679979
0.679147
0.678296
0.677429
0.676544
0.675644
0.674729
0.673799
0.672858
0.671904
0.67094
0.669966
0.668984
0.667993
0.666996
0.665992
0.664983
0.663969
0.66295
0.661929
0.660904
0.659877
0.658849
0.65782
0.65679
0.655759
0.654728
0.653699
0.652671
0.651644
0.65062
0.649597
0.648575
0.647555
0.646537
0.645521
0.644508
0.643497
0.642489
0.641483
0.640481
0.639482
0.638487
0.637495
0.636506
0.635521
0.63454
0.633562
0.632589
0.63162
0.630656
0.629696
0.628742
0.627793
0.62685
0.625912
0.624979
0.62405
0.623127
0.622208
0.621296
0.62039
0.61949
0.618596
0.617709
0.61683
0.615957
0.61509
0.61423
0.613378
0.612533
0.611695
0.610865
0.610043
0.609229
0.608424
0.607628
0.60684
0.606062
0.605292
0.604531
0.603779
0.603038
0.602307
0.601585
0.600874
0.600172
0.59948
0.598798
0.598126
0.597464
0.596813
0.596173
0.595543
0.594925
0.594318
0.593722
0.593137
0.592563
0.592001
0.591451
0.590912
0.590386
0.589871
0.589369
0.588881
0.588405
0.587944
0.587495
0.587061
0.586641
0.586235
0.585845
0.58547
0.585111
0.584769
0.584444
0.584136
0.583846
0.583576
0.583325
0.583092
0.58288
0.582689
0.582519
0.582371
0.582246
0.582143
0.582065
0.58201
0.58198
0.581975
0.581995
0.58204
0.582112
0.582211
0.582337
0.58249
0.582672
0.582881
0.583118
0.583384
0.583678
0.584
0.58435
0.584729
0.585135
0.585568
0.58603
0.586518
0.587034
0.800303
0.80094
0.801539
0.802101
0.802624
0.803108
0.803552
0.803957
0.804321
0.804646
0.804932
0.805178
0.805386
0.805556
0.805688
0.805782
0.805839
0.805859
0.805843
0.805792
0.805708
0.80559
0.805441
0.805261
0.805052
0.804815
0.804552
0.804267
0.803959
0.80363
0.803281
0.802913
0.80253
0.802132
0.801722
0.801301
0.800873
0.800438
0.799997
0.799555
0.799112
0.79867
0.798231
0.797797
0.797369
0.796948
0.796536
0.796136
0.795748
0.795375
0.795017
0.794674
0.79435
0.794044
0.793756
0.793488
0.79324
0.793012
0.792805
0.792619
0.792456
0.792316
0.792198
0.792103
0.792032
0.791983
0.791957
0.791954
0.791973
0.792013
0.792074
0.792155
0.792255
0.792375
0.792514
0.792671
0.792844
0.793034
0.79324
0.793461
0.793698
0.793948
0.794211
0.794484
0.794769
0.795063
0.795367
0.795679
0.795998
0.796322
0.796652
0.796985
0.797321
0.79766
0.798
0.79834
0.798681
0.799023
0.799361
0.799697
0.800028
0.800353
0.800672
0.800984
0.801288
0.801586
0.801875
0.802154
0.802422
0.802677
0.802919
0.803148
0.803363
0.803563
0.803747
0.803915
0.804066
0.804198
0.804312
0.804407
0.804482
0.804536
0.804568
0.804578
0.804565
0.804528
0.804465
0.804377
0.804261
0.804118
0.803949
0.803751
0.803525
0.803269
0.802982
0.802664
0.802314
0.801931
0.801515
0.801066
0.800584
0.800068
0.799518
0.798933
0.798315
0.797662
0.796975
0.796254
0.7955
0.794712
0.793892
0.793039
0.792153
0.791236
0.790289
0.789311
0.788305
0.787271
0.78621
0.785124
0.784014
0.782882
0.781729
0.780558
0.77937
0.778167
0.77695
0.775722
0.774485
0.773241
0.771992
0.770739
0.769486
0.768232
0.766982
0.765735
0.764497
0.763268
0.762051
0.760847
0.759657
0.758484
0.757328
0.756191
0.755073
0.753977
0.752903
0.751853
0.750827
0.749826
0.74885
0.7479
0.746977
0.746082
0.745214
0.744374
0.743561
0.742775
0.742016
0.741283
0.740577
0.739897
0.739244
0.738616
0.738013
0.737434
0.73688
0.736349
0.73584
0.735352
0.734884
0.734435
0.734005
0.733593
0.733199
0.732821
0.732458
0.732109
0.731775
0.731453
0.731143
0.730845
0.730558
0.73028
0.730013
0.729754
0.729504
0.72926
0.729022
0.728791
0.728564
0.728341
0.728122
0.727905
0.727691
0.727477
0.727265
0.727053
0.726841
0.726629
0.726414
0.726197
0.725977
0.725753
0.725525
0.725293
0.725056
0.724814
0.724568
0.724316
0.724058
0.723795
0.723526
0.72325
0.722967
0.722677
0.722379
0.722073
0.721761
0.721441
0.721116
0.720784
0.720447
0.720103
0.719756
0.719404
0.719049
0.718692
0.718333
0.717972
0.717609
0.717247
0.716885
0.716525
0.716167
0.715814
0.715465
0.715123
0.714789
0.714465
0.714152
0.713849
0.713558
0.713282
0.713022
0.712779
0.712553
0.712345
0.712155
0.711985
0.711835
0.711707
0.711601
0.711518
0.71146
0.711426
0.711417
0.711435
0.711479
0.711549
0.711645
0.711767
0.711915
0.712089
0.712288
0.712515
0.712767
0.713045
0.713349
0.713678
0.71403
0.714406
0.714806
0.715228
0.715673
0.716138
0.716624
0.71713
0.717656
0.718199
0.718761
0.719339
0.719934
0.720543
0.721167
0.721805
0.722457
0.72312
0.723795
0.724481
0.725177
0.725884
0.7266
0.727324
0.728055
0.728794
0.72954
0.730291
0.731048
0.73181
0.732577
0.73335
0.734126
0.734908
0.735694
0.736484
0.737278
0.738076
0.738876
0.73968
0.740487
0.741297
0.74211
0.742927
0.743747
0.744572
0.745401
0.746234
0.747072
0.747913
0.74876
0.749611
0.750468
0.751329
0.752194
0.753063
0.753937
0.754815
0.755698
0.756586
0.757478
0.758375
0.759275
0.760179
0.761087
0.761997
0.762911
0.763828
0.764747
0.765668
0.76659
0.767512
0.768433
0.769352
0.770268
0.771182
0.772091
0.772994
0.773891
0.77478
0.775661
0.776531
0.77739
0.778238
0.779073
0.779895
0.780703
0.781495
0.782271
0.783032
0.783775
0.7845
0.785206
0.785894
0.786563
0.787211
0.787838
0.788444
0.789029
0.789592
0.790133
0.79065
0.791145
0.791618
0.792068
0.792496
0.792902
0.793286
0.793647
0.793988
0.794307
0.794605
0.794883
0.795141
0.795379
0.795599
0.795799
0.795981
0.796145
0.796292
0.796421
0.796534
0.79663
0.79671
0.796776
0.796828
0.796865
0.796887
0.796897
0.796893
0.796877
0.79685
0.796811
0.796759
0.796694
0.796617
0.796528
0.796427
0.796314
0.79619
0.796054
0.795907
0.79575
0.795581
0.795402
0.795212
0.795011
0.7948
0.794579
0.794348
0.794107
0.793855
0.793593
0.793322
0.79304
0.792749
0.792449
0.79214
0.791823
0.791498
0.791164
0.790823
0.790475
0.79012
0.789757
0.789385
0.789006
0.788619
0.788226
0.787824
0.787415
0.786998
0.786575
0.786145
0.785708
0.785264
0.784813
0.784353
0.783888
0.783416
0.782938
0.782454
0.781963
0.781465
0.78096
0.780447
0.779927
0.779399
0.778862
0.778319
0.777767
0.777207
0.776639
0.776063
0.775479
0.774887
0.774287
0.773679
0.773064
0.772442
0.771812
0.771175
0.770529
0.769876
0.769216
0.768549
0.767876
0.767197
0.766512
0.765822
0.765126
0.764426
0.763723
0.763016
0.762305
0.76159
0.760873
0.760154
0.759431
0.758708
0.757983
0.757259
0.756536
0.755813
0.755092
0.754373
0.753657
0.752945
0.752237
0.751534
0.750838
0.750149
0.749468
0.748796
0.748133
0.747482
0.746843
0.746215
0.745601
0.745001
0.744416
0.743847
0.743295
0.742761
0.742247
0.741754
0.741282
0.740833
0.740408
0.740007
0.73963
0.739278
0.738954
0.738659
0.738391
0.738153
0.737944
0.737765
0.737618
0.737503
0.737421
0.737373
0.737359
0.737381
0.737437
0.737528
0.737657
0.737821
0.738022
0.738261
0.738538
0.738854
0.739207
0.739598
0.740027
0.740495
0.741002
0.741548
0.742132
0.742754
0.743413
0.744109
0.744842
0.74561
0.746415
0.747254
0.748127
0.749033
0.749972
0.750942
0.751942
0.75297
0.754024
0.755105
0.75621
0.757339
0.758488
0.759656
0.760841
0.762042
0.763256
0.76448
0.765712
0.766949
0.768191
0.769435
0.770678
0.771917
0.77315
0.774374
0.775588
0.776787
0.777971
0.779136
0.78028
0.781401
0.782496
0.783562
0.784597
0.785598
0.786563
0.78749
0.788378
0.789225
0.790027
0.790784
0.791493
0.792153
0.792762
0.793318
0.79382
0.794266
0.794656
0.794987
0.79526
0.795473
0.795625
0.795715
0.795744
0.79571
0.795613
0.795451
0.795225
0.794935
0.79458
0.794159
0.793675
0.793126
0.792512
0.791833
0.791091
0.790286
0.789418
0.788489
0.787498
0.786446
0.785332
0.784157
0.782923
0.781631
0.780281
0.778875
0.777414
0.775899
0.774331
0.772711
0.771042
0.769325
0.767563
0.765757
0.763908
0.762019
0.76009
0.758124
0.756125
0.754093
0.75203
0.749941
0.747828
0.745693
0.743538
0.741366
0.739181
0.736986
0.734783
0.732577
0.73037
0.728166
0.725968
0.72378
0.721603
0.719444
0.717305
0.71519
0.713102
0.711044
0.70902
0.707033
0.705087
0.703186
0.701333
0.699531
0.697783
0.696094
0.694464
0.692898
0.691399
0.68997
0.688613
0.687332
0.686128
0.685004
0.683962
0.683003
0.682128
0.681339
0.680638
0.680026
0.679504
0.679073
0.678733
0.678485
0.678327
0.678262
0.678287
0.678402
0.678607
0.678902
0.679285
0.679754
0.68031
0.68095
0.681673
0.682476
0.683359
0.684318
0.685352
0.68646
0.687638
0.688884
0.690194
0.691568
0.693003
0.694496
0.696046
0.697648
0.699301
0.701001
0.702746
0.704532
0.706358
0.708221
0.710118
0.712047
0.714004
0.715987
0.717995
0.720025
0.722075
0.724143
0.726225
0.728321
0.730426
0.732539
0.734658
0.736782
0.738907
0.741033
0.743158
0.745279
0.747394
0.749503
0.751603
0.753693
0.755771
0.757836
0.759887
0.761921
0.763937
0.765933
0.767908
0.76986
0.771789
0.773693
0.775571
0.777421
0.779241
0.781029
0.782785
0.784506
0.78619
0.787838
0.789448
0.791016
0.792541
0.794022
0.795458
0.796847
0.798185
0.799473
0.80071
0.801893
0.803021
0.804092
0.805106
0.806059
0.80695
0.807778
0.808542
0.80924
0.809872
0.810435
0.810928
0.81135
0.8117
0.811977
0.812179
0.812306
0.812357
0.812332
0.81223
0.812051
0.811795
0.811462
0.811051
0.810563
0.809998
0.809357
0.80864
0.807847
0.806979
0.806039
0.805025
0.80394
0.802785
0.80156
0.80027
0.798915
0.797498
0.796021
0.794486
0.792897
0.791256
0.789567
0.787832
0.786054
0.784236
0.782381
0.780493
0.778574
0.776629
0.774661
0.772675
0.770673
0.76866
0.76664
0.764617
0.762594
0.760576
0.758567
0.75657
0.754588
0.752624
0.750682
0.748766
0.746878
0.745023
0.743202
0.741418
0.739674
0.737973
0.736316
0.734706
0.733144
0.731631
0.73017
0.728762
0.727407
0.726107
0.724863
0.723674
0.722542
0.721465
0.720444
0.719479
0.71857
0.717714
0.716912
0.716162
0.715463
0.714815
0.714215
0.713664
0.713158
0.7127
0.712286
0.711915
0.711583
0.711291
0.711036
0.710817
0.710632
0.710479
0.710356
0.710264
0.710199
0.71016
0.710145
0.710154
0.710185
0.710237
0.71031
0.710402
0.710512
0.710639
0.71078
0.710937
0.711109
0.711294
0.711494
0.711706
0.711931
0.71217
0.712423
0.71269
0.712971
0.713266
0.713577
0.713903
0.714245
0.714604
0.714981
0.715377
0.715794
0.716233
0.716695
0.717182
0.717695
0.718237
0.718808
0.719411
0.720049
0.720722
0.721433
0.722182
0.722973
0.723808
0.724689
0.725618
0.726596
0.727626
0.72871
0.729849
0.731044
0.732299
0.733615
0.734994
0.736435
0.737939
0.739506
0.741138
0.742836
0.744599
0.746428
0.748323
0.750285
0.752312
0.754405
0.756563
0.758785
0.76107
0.763415
0.76582
0.768282
0.770799
0.77337
0.775991
0.778659
0.781373
0.78413
0.786925
0.789756
0.79262
0.795512
0.798429
0.801367
0.804323
0.807291
0.810268
0.813248
0.801445
0.804382
0.807312
0.810229
0.813131
0.816011
0.818866
0.821692
0.824485
0.82724
0.829955
0.832625
0.835247
0.837816
0.840329
0.842782
0.845172
0.847495
0.849748
0.851929
0.854033
0.856059
0.858003
0.859865
0.86164
0.863326
0.864922
0.866424
0.867832
0.869144
0.870359
0.871475
0.872491
0.873406
0.87422
0.874933
0.875545
0.876055
0.876462
0.876766
0.876968
0.877068
0.877066
0.876962
0.876758
0.876454
0.876052
0.875553
0.87496
0.874275
0.873499
0.872633
0.87168
0.870643
0.869522
0.868319
0.867037
0.865679
0.864248
0.862746
0.861175
0.85954
0.857842
0.856085
0.854271
0.852404
0.850488
0.848525
0.846519
0.844472
0.842387
0.840266
0.838112
0.835928
0.833716
0.831479
0.82922
0.82694
0.824645
0.822334
0.820011
0.817678
0.815336
0.812987
0.810633
0.808275
0.805915
0.803556
0.8012
0.798847
0.796497
0.794152
0.791811
0.789475
0.787146
0.784823
0.782509
0.780203
0.777905
0.775615
0.773334
0.771062
0.768798
0.766544
0.764299
0.762064
0.759839
0.757625
0.755421
0.753228
0.751046
0.748875
0.746717
0.744569
0.742434
0.740312
0.738204
0.736111
0.734034
0.731974
0.729931
0.727906
0.725901
0.723916
0.721954
0.720016
0.718103
0.716216
0.714359
0.712532
0.710737
0.708976
0.707249
0.70556
0.703909
0.702299
0.700732
0.699208
0.697731
0.696301
0.694919
0.693588
0.692308
0.691082
0.68991
0.688794
0.687736
0.686734
0.685791
0.684908
0.684084
0.683323
0.682622
0.681984
0.681407
0.680891
0.680437
0.680045
0.679715
0.679447
0.679239
0.67909
0.679001
0.678971
0.678999
0.679083
0.679222
0.679416
0.679664
0.679963
0.680313
0.680711
0.681155
0.681643
0.682174
0.682746
0.683357
0.684006
0.684691
0.68541
0.686162
0.686944
0.687755
0.688593
0.689456
0.690344
0.691254
0.692184
0.693133
0.694099
0.695079
0.696074
0.69708
0.698097
0.699123
0.700157
0.701196
0.70224
0.703286
0.704334
0.705382
0.706429
0.707476
0.708521
0.709562
0.710599
0.711629
0.712653
0.71367
0.714678
0.715677
0.716666
0.717644
0.71861
0.719565
0.720508
0.721439
0.722357
0.723261
0.724151
0.725024
0.725882
0.726725
0.72755
0.728359
0.729151
0.729925
0.730681
0.731418
0.732137
0.732836
0.733516
0.734177
0.734817
0.735438
0.736039
0.73662
0.737182
0.737722
0.738242
0.738741
0.739219
0.739677
0.740113
0.740529
0.740924
0.741298
0.74165
0.741981
0.742292
0.742582
0.742851
0.7431
0.74333
0.743539
0.743729
0.743899
0.74405
0.744183
0.744297
0.744392
0.744467
0.744525
0.744565
0.744586
0.74459
0.744577
0.744547
0.744501
0.744439
0.744362
0.744269
0.744162
0.74404
0.743905
0.743756
0.743595
0.743422
0.743237
0.74304
0.742833
0.742614
0.742387
0.742149
0.741903
0.741647
0.741384
0.741114
0.740837
0.740555
0.740268
0.739975
0.739677
0.739374
0.739066
0.738754
0.738439
0.73812
0.7378
0.737476
0.737151
0.736824
0.736495
0.736165
0.735834
0.735503
0.735172
0.73484
0.734507
0.734174
0.733842
0.73351
0.733177
0.732844
0.732509
0.732174
0.731838
0.731501
0.731162
0.730822
0.730479
0.730135
0.729788
0.72944
0.729089
0.728733
0.728375
0.728014
0.727648
0.727277
0.7269
0.726518
0.726129
0.725735
0.725333
0.724923
0.724507
0.724082
0.723651
0.723211
0.722764
0.72231
0.721848
0.721378
0.720899
0.720413
0.719919
0.719418
0.718911
0.718397
0.717875
0.717348
0.716814
0.716277
0.715735
0.715189
0.714641
0.714091
0.71354
0.712988
0.712437
0.711887
0.711338
0.710793
0.710251
0.709713
0.709181
0.708657
0.708141
0.707634
0.707138
0.706652
0.706181
0.705724
0.705281
0.704854
0.704444
0.704053
0.703681
0.703329
0.702999
0.702693
0.702412
0.702155
0.701925
0.701721
0.701545
0.701398
0.70128
0.701192
0.701135
0.70111
0.701116
0.701155
0.701226
0.70133
0.701469
0.701642
0.70185
0.702092
0.702366
0.702672
0.703012
0.703384
0.703788
0.704225
0.704694
0.705195
0.705727
0.706289
0.706881
0.707502
0.708152
0.708829
0.709535
0.710267
0.711026
0.711811
0.712621
0.713455
0.714315
0.715198
0.716106
0.717038
0.717992
0.718969
0.719969
0.720991
0.722034
0.723101
0.724189
0.725301
0.726435
0.727591
0.728769
0.729971
0.731195
0.732442
0.733712
0.735005
0.736321
0.73766
0.739023
0.74041
0.74182
0.743252
0.744707
0.746185
0.747684
0.749204
0.750743
0.752302
0.753881
0.755476
0.757088
0.758716
0.760358
0.762014
0.76368
0.765356
0.76704
0.768729
0.770424
0.772121
0.773818
0.775515
0.777208
0.778896
0.780575
0.782244
0.783901
0.785544
0.787171
0.788779
0.790368
0.791934
0.793476
0.794992
0.796479
0.797938
0.799365
0.800759
0.802118
0.803441
0.804728
0.805976
0.807186
0.808354
0.809482
0.810567
0.811608
0.812602
0.81355
0.814452
0.815305
0.816111
0.816868
0.817577
0.818238
0.818848
0.819409
0.81992
0.820381
0.820794
0.821156
0.82147
0.821734
0.82195
0.822116
0.822234
0.822305
0.822328
0.822305
0.822237
0.822123
0.821965
0.821763
0.82152
0.821235
0.820911
0.820548
0.820147
0.819709
0.819236
0.818729
0.81819
0.817619
0.817018
0.816387
0.815727
0.815042
0.814334
0.813603
0.81285
0.812078
0.811289
0.810481
0.809659
0.808823
0.807975
0.807118
0.806253
0.805382
0.804507
0.803628
0.802748
0.801868
0.800988
0.80011
0.799237
0.798369
0.797507
0.796655
0.795813
0.794982
0.794165
0.793361
0.792572
0.7918
0.791045
0.790309
0.789593
0.788897
0.788224
0.787574
0.786948
0.786346
0.785768
0.785217
0.784692
0.784194
0.783724
0.783281
0.782866
0.782481
0.782124
0.781796
0.781497
0.781227
0.780985
0.780772
0.780587
0.78043
0.780302
0.780201
0.780127
0.780079
0.780057
0.780061
0.78009
0.780144
0.780221
0.780322
0.780447
0.780595
0.780764
0.780955
0.781166
0.781395
0.781642
0.781907
0.782187
0.782483
0.782794
0.78312
0.783457
0.783807
0.784167
0.784537
0.784917
0.785303
0.785696
0.786094
0.786498
0.786906
0.787317
0.787729
0.788142
0.788554
0.788964
0.789374
0.789781
0.790185
0.790584
0.790978
0.791366
0.791748
0.792122
0.792489
0.792848
0.793198
0.793539
0.793871
0.794192
0.794503
0.794804
0.795094
0.795373
0.795641
0.795897
0.796142
0.796377
0.796599
0.796809
0.797006
0.797192
0.797365
0.797524
0.79767
0.797803
0.797923
0.798029
0.798123
0.798202
0.798268
0.79832
0.798359
0.798385
0.798397
0.798395
0.798379
0.798348
0.798304
0.798245
0.798172
0.798084
0.797983
0.797866
0.797734
0.797587
0.797423
0.797244
0.797049
0.79684
0.796615
0.796374
0.796117
0.795846
0.79556
0.795258
0.79494
0.794606
0.794256
0.793891
0.793511
0.793115
0.792705
0.792281
0.791841
0.791387
0.79092
0.790441
0.78995
0.789446
0.788931
0.788403
0.787864
0.787313
0.786751
0.786178
0.785596
0.785003
0.7844
0.783788
0.783168
0.782538
0.781901
0.781255
0.780602
0.779941
0.779274
0.778601
0.77792
0.777231
0.776535
0.775832
0.775121
0.774403
0.773677
0.772944
0.772205
0.771457
0.770702
0.769938
0.769166
0.768384
0.767594
0.766795
0.765987
0.765169
0.764342
0.763506
0.76266
0.761803
0.760935
0.760055
0.759162
0.758258
0.757341
0.756411
0.755466
0.754508
0.753536
0.752549
0.751547
0.750532
0.749501
0.748457
0.747398
0.746325
0.745238
0.744137
0.743023
0.741895
0.740754
0.739602
0.738436
0.737259
0.73607
0.734871
0.733663
0.732445
0.73122
0.729987
0.728747
0.727502
0.726252
0.724999
0.723745
0.72249
0.721236
0.719984
0.718735
0.71749
0.716251
0.715018
0.713794
0.712581
0.711378
0.710189
0.709014
0.707855
0.706713
0.705591
0.704491
0.703412
0.702356
0.701325
0.700321
0.699345
0.6984
0.697485
0.696602
0.695752
0.694936
0.694156
0.693411
0.692704
0.692034
0.691404
0.690813
0.690263
0.689755
0.689288
0.688863
0.68848
0.688139
0.687841
0.687586
0.687371
0.687198
0.687065
0.686973
0.686921
0.686908
0.686933
0.686994
0.687092
0.687224
0.68739
0.687588
0.687818
0.688078
0.688365
0.688679
0.689017
0.689379
0.689764
0.690167
0.690588
0.691024
0.691474
0.691937
0.69241
0.692892
0.693381
0.693875
0.694373
0.694873
0.695373
0.695871
0.696366
0.696854
0.697336
0.697809
0.698271
0.698721
0.699158
0.699579
0.699985
0.700375
0.700746
0.701099
0.701431
0.701741
0.702029
0.702292
0.702531
0.702744
0.702932
0.703093
0.703226
0.703331
0.703408
0.703457
0.703477
0.703468
0.703431
0.703366
0.703271
0.703147
0.702995
0.702815
0.702607
0.702372
0.702108
0.701816
0.701497
0.701152
0.70078
0.700383
0.699961
0.699515
0.699045
0.698554
0.69804
0.697506
0.696952
0.69638
0.69579
0.695185
0.694565
0.69393
0.693282
0.692623
0.691953
0.691274
0.690587
0.689893
0.689195
0.688492
0.687786
0.687078
0.68637
0.685663
0.684957
0.684255
0.683556
0.682863
0.682177
0.681499
0.68083
0.680171
0.679523
0.678889
0.678268
0.677661
0.67707
0.676495
0.675938
0.6754
0.674881
0.674383
0.673905
0.67345
0.673017
0.672606
0.67222
0.671859
0.671524
0.671215
0.670933
0.670678
0.670453
0.670256
0.670089
0.669951
0.669844
0.669768
0.669722
0.669708
0.669725
0.669775
0.669857
0.669974
0.670124
0.670308
0.670527
0.67078
0.671067
0.671388
0.671743
0.672133
0.672557
0.673017
0.673513
0.674045
0.674612
0.675213
0.675849
0.67652
0.677225
0.677964
0.678738
0.679548
0.680392
0.68127
0.682181
0.683126
0.684103
0.685112
0.686153
0.687226
0.688331
0.689465
0.690629
0.691822
0.693042
0.69429
0.695564
0.696865
0.69819
0.699539
0.70091
0.702304
0.703719
0.705152
0.706605
0.708076
0.709565
0.71107
0.712589
0.714121
0.715665
0.71722
0.718785
0.720358
0.721938
0.723524
0.725114
0.80081
0.80247
0.80411
0.805731
0.807332
0.80891
0.810465
0.811994
0.8135
0.814979
0.816432
0.817856
0.819252
0.820619
0.821956
0.823263
0.82454
0.825785
0.826999
0.828181
0.829331
0.830452
0.831541
0.832597
0.833621
0.834611
0.835569
0.836494
0.837386
0.838245
0.839071
0.839863
0.840622
0.841349
0.842043
0.842705
0.843335
0.843933
0.844498
0.845032
0.845534
0.846006
0.846447
0.846857
0.847236
0.847584
0.847902
0.848188
0.848444
0.848669
0.848864
0.849027
0.849159
0.84926
0.84933
0.84937
0.849379
0.849357
0.849305
0.849221
0.849105
0.848958
0.848779
0.848569
0.848326
0.84805
0.847742
0.847401
0.847026
0.846618
0.846178
0.845705
0.845199
0.84466
0.844087
0.843483
0.842844
0.842173
0.84147
0.840735
0.839968
0.839168
0.838335
0.837472
0.836578
0.835654
0.834701
0.83372
0.83271
0.831673
0.83061
0.829521
0.828408
0.827271
0.826114
0.824937
0.823742
0.822532
0.821307
0.820067
0.818814
0.817549
0.816273
0.814989
0.813699
0.812404
0.811107
0.80981
0.808513
0.80722
0.805935
0.804657
0.803387
0.802128
0.80088
0.799648
0.798433
0.797235
0.796057
0.7949
0.793766
0.792656
0.791571
0.790514
0.789484
0.788483
0.787512
0.786573
0.785666
0.784794
0.783954
0.783149
0.782378
0.781642
0.780943
0.78028
0.779653
0.779061
0.778504
0.777983
0.777498
0.777047
0.77663
0.776246
0.775897
0.775579
0.775293
0.775039
0.774815
0.77462
0.774453
0.774315
0.774203
0.774117
0.774056
0.774019
0.774007
0.774018
0.774048
0.774099
0.774168
0.774256
0.774363
0.774485
0.774623
0.774776
0.774943
0.775123
0.775315
0.775519
0.775733
0.775956
0.776187
0.776427
0.776675
0.776931
0.777193
0.777461
0.777734
0.778011
0.778293
0.778578
0.778866
0.779158
0.779452
0.779749
0.780048
0.780348
0.78065
0.780953
0.781258
0.781563
0.781869
0.782174
0.78248
0.782785
0.783091
0.783396
0.783702
0.784007
0.784312
0.784614
0.784916
0.785216
0.785516
0.785814
0.786109
0.786403
0.786693
0.786982
0.787269
0.787555
0.787839
0.788121
0.788401
0.788679
0.788954
0.789227
0.789497
0.789764
0.790029
0.790291
0.790549
0.790805
0.79106
0.791314
0.791566
0.791816
0.792064
0.792312
0.792559
0.792806
0.793052
0.793296
0.79354
0.793783
0.794025
0.794267
0.794507
0.794747
0.794987
0.795227
0.795466
0.795703
0.79594
0.796175
0.796408
0.796639
0.796868
0.797094
0.797316
0.797535
0.79775
0.79796
0.798165
0.798362
0.798552
0.798732
0.798903
0.799064
0.799212
0.799348
0.79947
0.799577
0.799668
0.799742
0.799797
0.799833
0.799848
0.799843
0.799815
0.799764
0.79969
0.799591
0.799467
0.799316
0.799139
0.798935
0.798705
0.798447
0.798161
0.797849
0.797509
0.797141
0.796746
0.796323
0.795874
0.795398
0.794897
0.794372
0.793824
0.793254
0.792665
0.792056
0.791429
0.790786
0.79013
0.789462
0.788784
0.788097
0.787404
0.786708
0.78601
0.785312
0.784617
0.783926
0.783241
0.782567
0.781904
0.781255
0.780621
0.780006
0.779411
0.778837
0.778285
0.777758
0.777257
0.776782
0.776336
0.77592
0.775536
0.775183
0.774862
0.774575
0.774322
0.774103
0.773918
0.773768
0.773652
0.773571
0.773524
0.773512
0.773534
0.77359
0.773678
0.773797
0.773945
0.774124
0.774332
0.774569
0.774833
0.775124
0.77544
0.77578
0.776144
0.77653
0.776938
0.777367
0.777813
0.778276
0.778756
0.779252
0.779761
0.780284
0.780818
0.781363
0.781916
0.782478
0.783048
0.783623
0.784205
0.78479
0.785379
0.785972
0.786566
0.787163
0.787758
0.788353
0.788947
0.789539
0.790128
0.790713
0.791293
0.791869
0.792441
0.793006
0.793565
0.794117
0.794661
0.795197
0.795724
0.796244
0.796753
0.797251
0.797737
0.798212
0.798675
0.799125
0.799563
0.799989
0.800402
0.8008
0.801185
0.801555
0.80191
0.802249
0.802572
0.802881
0.803172
0.803447
0.803706
0.803948
0.804173
0.804382
0.804572
0.804745
0.804899
0.805036
0.805154
0.805254
0.805335
0.805398
0.805443
0.805469
0.805477
0.805466
0.805436
0.805388
0.805321
0.805234
0.805127
0.804999
0.804852
0.804686
0.8045
0.804294
0.804066
0.803818
0.803548
0.803258
0.802948
0.802616
0.802262
0.801886
0.801487
0.801067
0.800626
0.800162
0.799675
0.799165
0.798631
0.798075
0.797495
0.796891
0.796266
0.795618
0.794947
0.794253
0.793537
0.792798
0.792036
0.791253
0.790448
0.789621
0.788776
0.78791
0.787026
0.786124
0.785206
0.78427
0.783319
0.782352
0.781373
0.780381
0.779379
0.778367
0.777346
0.776318
0.775286
0.774251
0.773215
0.772178
0.771142
0.770111
0.769085
0.768069
0.767061
0.766066
0.765084
0.764119
0.763171
0.762244
0.761339
0.760458
0.759604
0.758779
0.757984
0.757221
0.756493
0.755801
0.755147
0.754532
0.753957
0.753423
0.75293
0.752482
0.752077
0.751717
0.751403
0.751135
0.750915
0.750742
0.750618
0.75054
0.75051
0.750526
0.750588
0.750696
0.750849
0.751046
0.751286
0.751568
0.751891
0.752252
0.752651
0.753086
0.753555
0.754057
0.754589
0.755149
0.755735
0.756345
0.756978
0.75763
0.7583
0.758986
0.759685
0.760396
0.761114
0.76184
0.762569
0.7633
0.764031
0.764759
0.765483
0.766201
0.76691
0.767609
0.768295
0.768968
0.769624
0.770264
0.770884
0.771485
0.772066
0.772625
0.773161
0.773673
0.774163
0.774627
0.775066
0.775479
0.775865
0.776224
0.776556
0.77686
0.777137
0.777389
0.777614
0.777814
0.777989
0.77814
0.778268
0.778373
0.778458
0.778524
0.778571
0.778601
0.778614
0.778612
0.778597
0.778571
0.778535
0.778491
0.778438
0.778381
0.778322
0.77826
0.778197
0.778136
0.778077
0.778023
0.777976
0.777937
0.777908
0.777889
0.777882
0.777888
0.777909
0.777947
0.778002
0.778075
0.778166
0.778277
0.778407
0.778559
0.778733
0.778929
0.779147
0.779387
0.779649
0.779935
0.780242
0.78057
0.780921
0.781292
0.781685
0.782099
0.782533
0.782984
0.783454
0.783942
0.784444
0.784963
0.785496
0.786041
0.786598
0.787165
0.78774
0.788322
0.788911
0.789504
0.7901
0.790698
0.791297
0.791894
0.792489
0.793081
0.793667
0.794246
0.794817
0.795377
0.795925
0.79646
0.79698
0.797483
0.797966
0.79843
0.798872
0.79929
0.799685
0.800054
0.800396
0.80071
0.800995
0.801249
0.801471
0.80166
0.801815
0.801936
0.802022
0.802071
0.802085
0.80206
0.801997
0.801895
0.801754
0.801573
0.801352
0.801093
0.800793
0.800452
0.800071
0.79965
0.799189
0.798688
0.798149
0.797571
0.796954
0.7963
0.79561
0.794885
0.794126
0.793334
0.79251
0.791655
0.790772
0.78986
0.788922
0.787959
0.786973
0.785966
0.78494
0.783896
0.782836
0.781763
0.780678
0.779585
0.778485
0.777379
0.776272
0.775164
0.77406
0.772964
0.771875
0.770798
0.769733
0.768685
0.767656
0.766648
0.765664
0.764705
0.763777
0.762882
0.76202
0.761195
0.760407
0.759661
0.758957
0.758297
0.757684
0.757121
0.756608
0.756146
0.755738
0.755384
0.755087
0.754845
0.754661
0.754534
0.754466
0.754456
0.754506
0.754615
0.754784
0.755011
0.755295
0.755636
0.756034
0.756489
0.756998
0.75756
0.758173
0.758837
0.759548
0.760305
0.761107
0.761951
0.762836
0.763759
0.764719
0.765714
0.76674
0.767796
0.768879
0.769987
0.771116
0.772266
0.773435
0.774619
0.775817
0.777024
0.77824
0.779463
0.780689
0.781916
0.783141
0.784364
0.785581
0.786791
0.787992
0.789182
0.79036
0.791521
0.792666
0.793791
0.794896
0.795978
0.797036
0.798069
0.799074
0.800052
0.801001
0.801918
0.802802
0.803652
0.804467
0.805245
0.805986
0.806689
0.807354
0.807981
0.808567
0.809113
0.809617
0.810079
0.810499
0.810877
0.811214
0.811509
0.811762
0.811974
0.812145
0.812276
0.812366
0.812417
0.812429
0.812405
0.812345
0.812251
0.812123
0.811963
0.811771
0.811551
0.811302
0.811026
0.810726
0.810403
0.81006
0.809698
0.809321
0.80893
0.808526
0.808113
0.807692
0.807268
0.806841
0.806414
0.80599
0.80557
0.805159
0.804757
0.804366
0.80399
0.803628
0.803285
0.802963
0.802663
0.802386
0.802133
0.801908
0.801709
0.801538
0.801397
0.801285
0.801203
0.801151
0.801129
0.801137
0.801175
0.801244
0.801343
0.80147
0.801626
0.801808
0.802015
0.802246
0.8025
0.802774
0.803068
0.80338
0.803708
0.804049
0.804402
0.804763
0.805131
0.805504
0.805879
0.806254
0.806625
0.806992
0.807351
0.8077
0.808038
0.808361
0.808669
0.80896
0.809231
0.809481
0.809708
0.809911
0.810089
0.810239
0.81036
0.810453
0.810515
0.810547
0.810549
0.810519
0.810459
0.810367
0.810245
0.810091
0.809906
0.809692
0.809449
0.809179
0.808883
0.808563
0.80822
0.807856
0.807473
0.807073
0.806658
0.806229
0.805788
0.805338
0.804882
0.804421
0.803958
0.803495
0.803035
0.802579
0.802131
0.801693
0.801267
0.800854
0.800457
0.800077
0.799716
0.799377
0.799061
0.798769
0.798501
0.79826
0.798046
0.797859
0.797701
0.797572
0.797471
0.797399
0.797353
0.797334
0.797342
0.797373
0.797428
0.797506
0.797603
0.797718
0.797848
0.797993
0.798148
0.798311
0.79848
0.798651
0.798822
0.79899
0.79915
0.799302
0.79944
0.79956
0.799659
0.799735
0.799784
0.799803
0.799788
0.799737
0.799645
0.799511
0.799332
0.799103
0.798824
0.798493
0.798106
0.797663
0.79716
0.796597
0.795973
0.795287
0.794538
0.793726
0.792849
0.791909
0.790904
0.789835
0.788702
0.787508
0.786254
0.78494
0.783569
0.782142
0.780662
0.779129
0.777549
0.775922
0.774253
0.772543
0.770797
0.769017
0.767206
0.76537
0.76351
0.761631
0.759738
0.757833
0.75592
0.754005
0.752089
0.750179
0.748277
0.746387
0.744512
0.742657
0.740824
0.739016
0.737238
0.735491
0.73378
0.732106
0.730474
0.799165
0.797578
0.796018
0.794487
0.792988
0.791521
0.790088
0.788691
0.787332
0.786012
0.784732
0.783493
0.782298
0.781147
0.780041
0.778979
0.777963
0.776993
0.776069
0.775193
0.774366
0.773589
0.772861
0.772181
0.771551
0.77097
0.770439
0.769957
0.769524
0.769141
0.768807
0.768522
0.768285
0.768097
0.767956
0.767864
0.76782
0.767824
0.767876
0.767974
0.768117
0.768306
0.76854
0.768817
0.769137
0.7695
0.769903
0.770347
0.770831
0.771354
0.771916
0.772516
0.773152
0.773824
0.77453
0.775269
0.776039
0.77684
0.77767
0.778527
0.779411
0.780318
0.781248
0.7822
0.783172
0.784163
0.785171
0.786194
0.787232
0.788283
0.789344
0.790416
0.791497
0.792586
0.793681
0.794781
0.795884
0.79699
0.798098
0.799206
0.800313
0.801418
0.80252
0.803619
0.804713
0.805804
0.806888
0.807965
0.809036
0.8101
0.811155
0.812201
0.813239
0.814268
0.815286
0.816296
0.817295
0.818286
0.819267
0.820239
0.821201
0.822154
0.823099
0.824035
0.824962
0.825882
0.826795
0.8277
0.828599
0.82949
0.830374
0.831252
0.832122
0.832986
0.833845
0.834699
0.835547
0.836391
0.837231
0.838066
0.838898
0.839726
0.84055
0.841371
0.842188
0.843001
0.843813
0.844622
0.84543
0.846237
0.847044
0.847849
0.848654
0.849458
0.850262
0.851065
0.851868
0.852672
0.853477
0.854283
0.855091
0.855901
0.856714
0.857531
0.858351
0.859176
0.860005
0.860839
0.86168
0.862526
0.863381
0.864243
0.865114
0.865995
0.866886
0.867786
0.868696
0.869617
0.87055
0.871493
0.872449
0.873416
0.874393
0.875381
0.87638
0.877391
0.878413
0.879448
0.880494
0.881551
0.882618
0.883695
0.884783
0.885879
0.886982
0.88809
0.889204
0.890323
0.891447
0.892574
0.893704
0.894834
0.895962
0.897086
0.898207
0.899323
0.900432
0.901535
0.902628
0.90371
0.904779
0.905834
0.906874
0.907896
0.9089
0.909885
0.910848
0.91179
0.912709
0.913603
0.914473
0.915316
0.91613
0.916915
0.917668
0.918389
0.919076
0.919727
0.920344
0.920925
0.921468
0.921973
0.922438
0.922861
0.923243
0.923582
0.923875
0.924123
0.924325
0.92448
0.924587
0.924645
0.924653
0.924611
0.924517
0.924372
0.924173
0.923921
0.923614
0.923253
0.922838
0.922369
0.921844
0.921263
0.920625
0.919929
0.919177
0.918368
0.9175
0.916575
0.915594
0.914555
0.913462
0.912315
0.911115
0.909861
0.908554
0.907196
0.905787
0.904328
0.902821
0.901267
0.899668
0.898025
0.896338
0.894611
0.892846
0.891044
0.889207
0.887337
0.885436
0.883507
0.881553
0.879575
0.877575
0.875555
0.873518
0.871466
0.869401
0.867326
0.865242
0.863152
0.861057
0.85896
0.856863
0.854769
0.85268
0.850597
0.848521
0.846456
0.844402
0.842361
0.840335
0.838323
0.836328
0.834351
0.832392
0.830452
0.828533
0.826634
0.824756
0.8229
0.821067
0.819255
0.817465
0.815697
0.813952
0.812228
0.810527
0.808848
0.807191
0.805557
0.803944
0.802352
0.800779
0.799225
0.797689
0.796172
0.794674
0.793194
0.791731
0.790285
0.788855
0.787441
0.786044
0.784664
0.783299
0.781951
0.780619
0.779303
0.778002
0.776718
0.77545
0.774199
0.772966
0.77175
0.770553
0.769375
0.768217
0.76708
0.765963
0.76487
0.7638
0.762755
0.761736
0.760744
0.759781
0.758846
0.757942
0.75707
0.75623
0.755426
0.754657
0.753927
0.753235
0.752584
0.751975
0.751409
0.750887
0.75041
0.74998
0.749597
0.749263
0.748979
0.748746
0.748566
0.748438
0.748364
0.748344
0.74838
0.748472
0.74862
0.748827
0.749092
0.749414
0.749796
0.750237
0.750737
0.751297
0.751916
0.752595
0.753334
0.754131
0.754988
0.755904
0.756877
0.757908
0.758995
0.760139
0.761338
0.76259
0.763895
0.76525
0.766656
0.768111
0.769613
0.771161
0.772753
0.774388
0.776063
0.777776
0.779524
0.781306
0.783122
0.784968
0.786841
0.788738
0.790659
0.792601
0.79456
0.796535
0.798523
0.800519
0.802523
0.804531
0.806541
0.80855
0.810554
0.812551
0.814539
0.816515
0.818475
0.820416
0.822337
0.824235
0.826108
0.827954
0.82977
0.831554
0.833304
0.835017
0.836691
0.838324
0.839916
0.841465
0.842969
0.844427
0.845838
0.8472
0.848514
0.849778
0.850992
0.852155
0.853267
0.854329
0.855341
0.856303
0.857215
0.858079
0.858893
0.85966
0.86038
0.861054
0.861681
0.862263
0.862802
0.8633
0.863757
0.864175
0.864554
0.864896
0.865203
0.865476
0.865718
0.86593
0.866114
0.866272
0.866404
0.866514
0.866604
0.866674
0.866726
0.866762
0.866785
0.866795
0.866794
0.866782
0.866762
0.866735
0.866703
0.866665
0.866625
0.866583
0.866543
0.866504
0.866467
0.866433
0.866403
0.866378
0.866359
0.866345
0.866338
0.866338
0.866345
0.866361
0.866386
0.866419
0.86646
0.866511
0.866571
0.866639
0.866717
0.866803
0.866898
0.867002
0.867114
0.867234
0.867363
0.867499
0.867642
0.86779
0.867945
0.868105
0.868269
0.868436
0.868607
0.86878
0.868954
0.869129
0.869302
0.869474
0.869644
0.869811
0.869974
0.870131
0.870282
0.870426
0.870562
0.870689
0.870805
0.870911
0.871005
0.871085
0.87115
0.8712
0.871234
0.871249
0.871248
0.871228
0.871188
0.871125
0.871039
0.870929
0.870794
0.870634
0.870446
0.870231
0.869987
0.869712
0.869407
0.869071
0.868703
0.868301
0.867866
0.867396
0.86689
0.866349
0.865773
0.86516
0.864511
0.863825
0.863101
0.862341
0.861545
0.860712
0.859843
0.858938
0.857998
0.857022
0.856013
0.854971
0.853896
0.85279
0.851654
0.850488
0.849295
0.848074
0.846829
0.845561
0.844272
0.842963
0.841636
0.840294
0.838937
0.837568
0.836188
0.8348
0.833405
0.832005
0.830601
0.829195
0.82779
0.826388
0.824991
0.823601
0.82222
0.820849
0.819489
0.818145
0.816816
0.815504
0.81421
0.812937
0.811684
0.810454
0.809248
0.808068
0.806915
0.805789
0.804691
0.803621
0.80258
0.801569
0.80059
0.79964
0.798722
0.797834
0.796977
0.796151
0.795358
0.794596
0.793866
0.793168
0.792501
0.791864
0.791257
0.790678
0.790128
0.789605
0.78911
0.78864
0.788196
0.787777
0.78738
0.787006
0.786651
0.786317
0.786002
0.785703
0.785421
0.785153
0.784899
0.784657
0.784426
0.784205
0.78399
0.783782
0.783579
0.783379
0.783183
0.782987
0.782791
0.782593
0.782393
0.782189
0.781981
0.781769
0.781551
0.781325
0.781091
0.780848
0.780595
0.780332
0.780058
0.779772
0.779474
0.779164
0.778841
0.778506
0.778157
0.777796
0.777423
0.777036
0.776638
0.776228
0.775807
0.775376
0.774935
0.774484
0.774025
0.773559
0.773086
0.772607
0.772124
0.771637
0.771148
0.770659
0.77017
0.769685
0.769204
0.768729
0.768262
0.767803
0.767356
0.766924
0.766507
0.766108
0.765727
0.765368
0.765031
0.764719
0.764434
0.764177
0.76395
0.763756
0.763597
0.763473
0.763388
0.763343
0.76334
0.763379
0.763462
0.76359
0.763764
0.763984
0.764251
0.764565
0.764926
0.765336
0.765793
0.766298
0.76685
0.767448
0.768093
0.768783
0.769518
0.770298
0.77112
0.771983
0.772886
0.773826
0.774802
0.775811
0.776852
0.777922
0.779019
0.78014
0.781284
0.782448
0.78363
0.784827
0.786037
0.787259
0.78849
0.789728
0.790972
0.792219
0.793467
0.794715
0.795961
0.797204
0.798442
0.799676
0.800903
0.802123
0.803336
0.804542
0.80574
0.80693
0.808112
0.809286
0.810453
0.811612
0.812765
0.813913
0.815056
0.816196
0.817334
0.81847
0.819606
0.820743
0.821884
0.823029
0.824181
0.82534
0.826509
0.827689
0.828883
0.830091
0.831314
0.832555
0.833814
0.835092
0.836392
0.837713
0.839058
0.840425
0.841817
0.843235
0.844679
0.846149
0.847646
0.849169
0.850719
0.852296
0.853899
0.855526
0.857179
0.858855
0.860554
0.862276
0.86402
0.865783
0.867566
0.869365
0.87118
0.873008
0.874849
0.876701
0.878561
0.880428
0.882298
0.88417
0.886041
0.88791
0.889774
0.891631
0.893477
0.895311
0.897129
0.898928
0.900707
0.902461
0.90419
0.905892
0.907564
0.909203
0.910806
0.912371
0.913897
0.91538
0.916818
0.918208
0.91955
0.920841
0.922079
0.923262
0.924387
0.925453
0.926458
0.927401
0.928279
0.929092
0.929837
0.930513
0.93112
0.931654
0.932117
0.932506
0.932822
0.933062
0.933226
0.933313
0.933322
0.933255
0.93311
0.932888
0.932586
0.932206
0.931746
0.931208
0.930589
0.929892
0.929114
0.928258
0.927324
0.926313
0.925224
0.924059
0.922817
0.921499
0.920109
0.918644
0.917105
0.915495
0.913813
0.91206
0.910238
0.908348
0.90639
0.904368
0.902282
0.900132
0.897922
0.895652
0.893323
0.890938
0.8885
0.88601
0.883468
0.880878
0.878241
0.875559
0.872836
0.870073
0.867274
0.864442
0.861577
0.858683
0.855762
0.852816
0.849848
0.846863
0.843863
0.84085
0.837828
0.834798
0.831765
0.828732
0.825702
0.822678
0.819663
0.81666
0.813672
0.810701
0.807751
0.804826
0.80193
0.799065
0.796234
0.79344
0.790686
0.787974
0.785309
0.782694
0.78013
0.777622
0.775171
0.772779
0.77045
0.768186
0.765989
0.763862
0.761807
0.759826
0.757921
0.756093
0.754344
0.752676
0.75109
0.749589
0.748173
0.746843
0.745602
0.74445
0.743388
0.742418
0.74154
0.740754
0.740061
0.739462
0.738957
0.738546
0.738228
0.738004
0.737874
0.737837
0.737892
0.73804
0.738281
0.738612
0.739033
0.739543
0.74014
0.740825
0.741596
0.742452
0.743391
0.744411
0.745512
0.746691
0.747947
0.749278
0.750682
0.752157
0.753701
0.755312
0.756986
0.758722
0.760517
0.762368
0.764273
0.76623
0.768234
0.770284
0.772377
0.774509
0.776678
0.778881
0.781114
0.783374
0.785658
0.787963
0.790286
0.792624
0.794973
0.797329
0.79969
0.802053
0.804414
0.806769
0.809116
0.811451
0.813771
0.816075
0.818357
0.820616
0.82285
0.825054
0.827225
0.80099
0.803009
0.804995
0.806946
0.808858
0.81073
0.81256
0.814345
0.816085
0.817776
0.819417
0.821007
0.822545
0.824028
0.825455
0.826825
0.828137
0.82939
0.830582
0.831714
0.832786
0.833795
0.834741
0.835624
0.836443
0.8372
0.837893
0.838524
0.839093
0.839601
0.840048
0.840434
0.840762
0.841031
0.841242
0.841398
0.8415
0.841548
0.841545
0.841494
0.841395
0.841251
0.841061
0.84083
0.840558
0.840249
0.839905
0.839528
0.83912
0.838684
0.838222
0.837737
0.83723
0.836705
0.836163
0.835609
0.835042
0.834467
0.833884
0.833296
0.832705
0.832114
0.831526
0.830941
0.830362
0.82979
0.829227
0.828675
0.828135
0.827609
0.827098
0.826604
0.826125
0.825666
0.825228
0.82481
0.824411
0.824033
0.823678
0.823344
0.823032
0.822743
0.822476
0.822232
0.82201
0.821812
0.821635
0.821479
0.821344
0.821231
0.821137
0.821063
0.821009
0.820974
0.820957
0.820958
0.820975
0.821008
0.821057
0.821121
0.821198
0.82129
0.821394
0.821509
0.821636
0.821772
0.821918
0.822071
0.822231
0.822398
0.822571
0.822749
0.822933
0.823123
0.823317
0.823512
0.823708
0.823904
0.824099
0.824292
0.824482
0.82467
0.824854
0.825031
0.825201
0.825365
0.82552
0.825666
0.825802
0.825927
0.826039
0.826139
0.826225
0.826296
0.826351
0.82639
0.826412
0.826415
0.8264
0.826365
0.826309
0.826233
0.826135
0.826015
0.825873
0.825708
0.825519
0.825306
0.825068
0.824806
0.824518
0.824205
0.823866
0.823501
0.82311
0.822693
0.822251
0.821783
0.821291
0.820775
0.820236
0.819673
0.819087
0.818479
0.81785
0.817199
0.816529
0.815839
0.815132
0.814409
0.81367
0.812916
0.81215
0.811372
0.810583
0.809785
0.808979
0.808166
0.807349
0.806528
0.805706
0.804882
0.80406
0.80324
0.802425
0.801614
0.800812
0.800019
0.799236
0.798464
0.797704
0.796958
0.796225
0.795509
0.79481
0.794129
0.793469
0.792828
0.792207
0.791608
0.791032
0.790479
0.78995
0.789447
0.788968
0.788515
0.788089
0.787689
0.787316
0.786971
0.786653
0.786364
0.786103
0.78587
0.785665
0.785488
0.785338
0.785216
0.785122
0.785056
0.785017
0.785005
0.785019
0.785059
0.785124
0.785213
0.785327
0.785465
0.785626
0.785811
0.786017
0.786245
0.786494
0.786764
0.787053
0.78736
0.787685
0.788025
0.788382
0.788753
0.789137
0.789534
0.789944
0.790365
0.790796
0.791237
0.791685
0.792141
0.792603
0.793071
0.793543
0.794019
0.794497
0.794977
0.795456
0.795935
0.796412
0.796887
0.797359
0.797826
0.798289
0.798745
0.799194
0.799635
0.800068
0.800493
0.800909
0.801316
0.801712
0.802097
0.802472
0.802835
0.803186
0.803524
0.80385
0.804162
0.804461
0.804748
0.805022
0.805282
0.805528
0.805761
0.805979
0.806184
0.806374
0.806549
0.806709
0.806853
0.806984
0.807099
0.8072
0.807285
0.807354
0.807408
0.807446
0.807469
0.807476
0.80747
0.807448
0.80741
0.807357
0.807288
0.807205
0.807107
0.806995
0.806867
0.806723
0.806562
0.806386
0.806193
0.805986
0.805762
0.805522
0.805265
0.804992
0.804702
0.804396
0.804073
0.803732
0.803375
0.803002
0.802612
0.802205
0.801782
0.801343
0.800888
0.800418
0.799932
0.799433
0.798919
0.798393
0.797853
0.7973
0.796735
0.796158
0.79557
0.794973
0.794368
0.793754
0.793134
0.792508
0.791876
0.79124
0.790601
0.789959
0.789317
0.788676
0.788037
0.787401
0.786768
0.786139
0.785515
0.784897
0.784287
0.783686
0.783095
0.782516
0.78195
0.781399
0.780863
0.780341
0.779837
0.779351
0.778885
0.778439
0.778014
0.777609
0.777226
0.776867
0.776531
0.77622
0.775933
0.775673
0.775438
0.775231
0.775051
0.774901
0.77478
0.774688
0.774624
0.77459
0.774586
0.774611
0.774667
0.774753
0.77487
0.775018
0.775197
0.775407
0.775648
0.77592
0.776223
0.776559
0.776926
0.777323
0.777752
0.778212
0.778702
0.779224
0.779775
0.780355
0.780964
0.781603
0.78227
0.782965
0.783688
0.784438
0.785213
0.786013
0.786837
0.787685
0.788554
0.789445
0.790356
0.791287
0.792235
0.793198
0.794177
0.795169
0.796172
0.797185
0.798206
0.799232
0.800264
0.801299
0.802333
0.803367
0.804398
0.805424
0.806442
0.807451
0.808448
0.809431
0.810397
0.811343
0.812268
0.813168
0.814042
0.814888
0.815703
0.816485
0.817231
0.81794
0.818608
0.819234
0.819816
0.820352
0.82084
0.821277
0.821662
0.821994
0.822271
0.822491
0.822653
0.822755
0.822796
0.822773
0.822688
0.822537
0.822322
0.822041
0.821692
0.821277
0.820793
0.820242
0.819623
0.818937
0.818184
0.817364
0.81648
0.815531
0.814518
0.813441
0.812302
0.811102
0.809843
0.808529
0.807159
0.805737
0.804263
0.80274
0.80117
0.799555
0.797897
0.7962
0.794464
0.792695
0.790894
0.789065
0.787211
0.785337
0.783446
0.78154
0.779624
0.777702
0.775777
0.773852
0.771931
0.770018
0.768117
0.766232
0.764367
0.762526
0.760713
0.758933
0.757187
0.755479
0.753814
0.752196
0.750628
0.749113
0.747654
0.746256
0.744922
0.743655
0.742458
0.741335
0.740288
0.73932
0.738435
0.737635
0.736922
0.736299
0.735767
0.735329
0.734988
0.734744
0.734599
0.734553
0.734608
0.734764
0.735021
0.73538
0.735842
0.736405
0.73707
0.737835
0.738699
0.739661
0.74072
0.741875
0.743125
0.744466
0.745896
0.747412
0.749013
0.750694
0.752455
0.754291
0.7562
0.758179
0.760223
0.762329
0.764493
0.766713
0.768983
0.7713
0.773661
0.776061
0.778496
0.780964
0.783461
0.785981
0.78852
0.791074
0.79364
0.796214
0.798793
0.801372
0.803948
0.806519
0.80908
0.81163
0.814167
0.816686
0.819184
0.821658
0.824106
0.826524
0.82891
0.831261
0.833576
0.835851
0.838086
0.840278
0.842425
0.844526
0.846579
0.848582
0.850534
0.852434
0.854282
0.856076
0.857815
0.859497
0.861122
0.86269
0.864198
0.865646
0.867035
0.868364
0.869632
0.87084
0.871988
0.873076
0.874104
0.875073
0.875983
0.876834
0.877625
0.878359
0.879036
0.879655
0.880219
0.880728
0.881183
0.881583
0.88193
0.882227
0.882474
0.882672
0.882823
0.882927
0.882986
0.883002
0.882975
0.882909
0.882804
0.882661
0.882483
0.88227
0.882025
0.881749
0.881445
0.881112
0.880752
0.880367
0.87996
0.879531
0.879081
0.878613
0.878127
0.877625
0.877108
0.876579
0.876038
0.875487
0.874929
0.874364
0.873792
0.873216
0.872636
0.872053
0.87147
0.870887
0.870304
0.869723
0.869145
0.868571
0.868003
0.86744
0.866886
0.86634
0.865802
0.865275
0.864759
0.864253
0.86376
0.863279
0.862811
0.862357
0.861916
0.861491
0.861081
0.860688
0.860312
0.859953
0.85961
0.859284
0.858975
0.858683
0.858406
0.858146
0.857902
0.857674
0.857462
0.857264
0.857081
0.85691
0.856752
0.856604
0.856465
0.856336
0.856215
0.856101
0.855991
0.855886
0.855781
0.855677
0.85557
0.855459
0.855344
0.855222
0.85509
0.854949
0.854796
0.854628
0.854446
0.854246
0.854027
0.853789
0.853529
0.853245
0.852937
0.852604
0.852243
0.851855
0.851438
0.850991
0.850513
0.850003
0.849462
0.848888
0.84828
0.847638
0.846964
0.846257
0.845517
0.844744
0.843941
0.843108
0.842244
0.84135
0.840426
0.839475
0.838496
0.837493
0.836466
0.835417
0.834347
0.833259
0.832155
0.831036
0.829904
0.828763
0.827613
0.826458
0.8253
0.824141
0.822984
0.821832
0.820687
0.819551
0.818427
0.817319
0.816228
0.815158
0.814112
0.813091
0.812098
0.811136
0.810205
0.809309
0.80845
0.807631
0.806852
0.806115
0.805423
0.804776
0.804175
0.803622
0.803118
0.802663
0.802259
0.801906
0.801604
0.801354
0.801156
0.801009
0.800913
0.800867
0.800872
0.800926
0.801027
0.801174
0.801366
0.801601
0.801879
0.802196
0.80255
0.80294
0.803362
0.803815
0.804298
0.804807
0.80534
0.805895
0.806468
0.807057
0.807659
0.808271
0.808891
0.809516
0.810143
0.81077
0.811395
0.812015
0.812628
0.813233
0.813826
0.814405
0.814971
0.81552
0.816048
0.816555
0.817039
0.817498
0.81793
0.818335
0.818711
0.819057
0.819372
0.819655
0.819906
0.820123
0.820307
0.820455
0.820567
0.820645
0.820687
0.820693
0.820663
0.820597
0.820497
0.820362
0.820192
0.819989
0.819752
0.819482
0.81918
0.818846
0.818482
0.818087
0.817662
0.817208
0.816727
0.816219
0.815685
0.815127
0.814545
0.813939
0.813311
0.812663
0.811994
0.811305
0.810598
0.809873
0.809131
0.808374
0.807602
0.806816
0.806016
0.805203
0.804379
0.803544
0.8027
0.801845
0.800981
0.80011
0.799231
0.798343
0.797448
0.796547
0.79564
0.794729
0.793814
0.792894
0.791971
0.791046
0.79012
0.789191
0.788263
0.787334
0.786408
0.785483
0.784561
0.783645
0.782734
0.78183
0.780933
0.780045
0.779165
0.778295
0.777436
0.776589
0.775757
0.77494
0.774139
0.773355
0.772589
0.771842
0.771115
0.77041
0.769727
0.769068
0.768433
0.767824
0.767241
0.766686
0.766158
0.76566
0.765191
0.764752
0.764344
0.763967
0.763622
0.763309
0.763029
0.762779
0.762563
0.762378
0.762227
0.762106
0.762017
0.761958
0.76193
0.761932
0.761963
0.762021
0.762106
0.762218
0.762354
0.762514
0.762696
0.762899
0.763121
0.763361
0.763616
0.763886
0.764168
0.76446
0.764761
0.765069
0.765381
0.765696
0.766013
0.766329
0.766643
0.766955
0.767262
0.76756
0.767847
0.768123
0.768386
0.768632
0.768862
0.769074
0.769265
0.769435
0.769583
0.769705
0.769801
0.769868
0.769907
0.769916
0.769893
0.769839
0.769752
0.769634
0.769482
0.769296
0.769074
0.768819
0.768528
0.768201
0.767839
0.767441
0.767009
0.766541
0.766039
0.765504
0.764937
0.764336
0.763705
0.763043
0.762352
0.761634
0.76089
0.76012
0.759326
0.758512
0.757677
0.756825
0.755958
0.755078
0.754188
0.753289
0.752384
0.751474
0.750565
0.799498
0.798554
0.797604
0.796652
0.795699
0.79475
0.793808
0.792875
0.791956
0.791053
0.790171
0.789313
0.788484
0.787686
0.786923
0.786198
0.785516
0.78488
0.784294
0.783759
0.78328
0.782861
0.782503
0.782211
0.781987
0.781833
0.781752
0.781746
0.781817
0.781965
0.782192
0.782498
0.782886
0.783356
0.783908
0.784542
0.785259
0.786058
0.786938
0.787898
0.788937
0.790054
0.791245
0.79251
0.793846
0.795251
0.796723
0.798258
0.799855
0.80151
0.803219
0.804981
0.806791
0.808646
0.810544
0.812481
0.814454
0.816459
0.818493
0.820553
0.822637
0.82474
0.82686
0.828991
0.831133
0.833281
0.835432
0.837583
0.839732
0.841875
0.844009
0.84613
0.848238
0.850328
0.852398
0.854446
0.856468
0.858463
0.860427
0.862358
0.864253
0.86611
0.867928
0.869705
0.871437
0.873124
0.874763
0.876353
0.87789
0.879374
0.880801
0.882171
0.883482
0.884733
0.885923
0.88705
0.888115
0.889115
0.890051
0.890921
0.891725
0.892462
0.893131
0.893731
0.894263
0.894726
0.895119
0.895444
0.895701
0.895891
0.896012
0.896064
0.896049
0.895968
0.895822
0.895612
0.895336
0.894998
0.894597
0.894135
0.893613
0.893032
0.892393
0.8917
0.890953
0.890155
0.889308
0.888412
0.887469
0.886481
0.885451
0.88438
0.883272
0.882128
0.880952
0.879745
0.878511
0.877255
0.875977
0.874681
0.873368
0.872043
0.87071
0.869372
0.868032
0.866693
0.865358
0.864032
0.862717
0.861417
0.860136
0.858878
0.857648
0.856448
0.855282
0.854153
0.853067
0.852025
0.851032
0.85009
0.849205
0.848379
0.847614
0.846913
0.84628
0.845716
0.845224
0.844805
0.844461
0.844193
0.844004
0.843894
0.843864
0.843914
0.844044
0.844255
0.844544
0.844913
0.845358
0.845878
0.846473
0.84714
0.847877
0.848682
0.849551
0.850482
0.851472
0.852518
0.853616
0.854762
0.855955
0.85719
0.858462
0.859767
0.861101
0.86246
0.86384
0.865238
0.866651
0.868075
0.869506
0.87094
0.872375
0.873808
0.875235
0.876654
0.878062
0.879457
0.880835
0.882197
0.883538
0.884857
0.886154
0.887425
0.888669
0.889886
0.891073
0.892229
0.893355
0.894449
0.895511
0.89654
0.897534
0.898495
0.899421
0.90031
0.901163
0.901978
0.902756
0.903495
0.904196
0.904857
0.905478
0.906058
0.906597
0.907093
0.907545
0.907953
0.908316
0.908633
0.908901
0.909118
0.909284
0.909397
0.909456
0.909458
0.909404
0.909289
0.909115
0.908877
0.908576
0.908211
0.90778
0.907281
0.906713
0.906076
0.905368
0.904589
0.903736
0.902811
0.901812
0.900737
0.899586
0.89836
0.897059
0.895682
0.894231
0.892705
0.891106
0.889435
0.887692
0.88588
0.884001
0.882056
0.880047
0.877978
0.87585
0.873665
0.871427
0.869139
0.866803
0.864425
0.862006
0.859553
0.857068
0.854556
0.852021
0.849466
0.846898
0.844319
0.841736
0.839152
0.836572
0.834
0.831441
0.828899
0.826379
0.823883
0.821418
0.818988
0.816597
0.814249
0.811947
0.809694
0.807495
0.805352
0.803271
0.801254
0.799306
0.797426
0.79562
0.793889
0.792235
0.790661
0.78917
0.787764
0.786443
0.785209
0.784063
0.783005
0.782037
0.781159
0.780372
0.779675
0.77907
0.778555
0.778132
0.777801
0.77756
0.77741
0.777349
0.777377
0.777493
0.777695
0.777982
0.778353
0.778804
0.779336
0.779945
0.780631
0.781392
0.782226
0.783129
0.784101
0.785138
0.786239
0.787399
0.788616
0.789887
0.79121
0.792582
0.794001
0.795462
0.796964
0.798505
0.800081
0.801689
0.803327
0.80499
0.806678
0.808386
0.810112
0.811853
0.813606
0.815369
0.81714
0.818917
0.820698
0.822481
0.824264
0.826043
0.827818
0.829585
0.831344
0.833092
0.834829
0.836554
0.838265
0.83996
0.84164
0.843302
0.844947
0.846573
0.848179
0.849766
0.851331
0.852875
0.854397
0.855897
0.857374
0.858827
0.860255
0.86166
0.863039
0.864395
0.865727
0.867034
0.868315
0.869569
0.870797
0.871998
0.87317
0.874315
0.875432
0.876519
0.877577
0.878604
0.8796
0.880566
0.881501
0.882403
0.883272
0.884106
0.884904
0.885666
0.886391
0.887077
0.887724
0.888332
0.888898
0.889422
0.889902
0.890337
0.890725
0.891065
0.891358
0.8916
0.891791
0.89193
0.892017
0.892051
0.89203
0.891952
0.891817
0.891624
0.891373
0.891061
0.890688
0.890254
0.889758
0.8892
0.888579
0.887894
0.887144
0.886329
0.885449
0.884506
0.883498
0.882426
0.881288
0.880087
0.878823
0.877495
0.876106
0.874655
0.873144
0.871574
0.869946
0.868262
0.866523
0.864731
0.862888
0.860998
0.85906
0.857079
0.855056
0.852994
0.850896
0.848765
0.846604
0.844417
0.842205
0.839974
0.837727
0.835467
0.8332
0.830928
0.828654
0.826382
0.824116
0.82186
0.819618
0.817396
0.815195
0.81302
0.810874
0.808761
0.806684
0.804645
0.802646
0.800693
0.798788
0.796934
0.795133
0.793387
0.791699
0.790069
0.788501
0.786995
0.785552
0.784173
0.782861
0.781615
0.780437
0.779327
0.778285
0.777312
0.776407
0.77557
0.7748
0.774098
0.773462
0.772893
0.772389
0.77195
0.771574
0.77126
0.771009
0.77082
0.77069
0.770618
0.770604
0.770647
0.770745
0.770896
0.7711
0.771355
0.771659
0.772012
0.772411
0.772857
0.773346
0.773878
0.774451
0.775064
0.775715
0.776403
0.777128
0.777887
0.778679
0.779501
0.780352
0.78123
0.782133
0.783058
0.784005
0.78497
0.785952
0.786949
0.787959
0.78898
0.790009
0.791045
0.792086
0.793131
0.794177
0.79522
0.79626
0.797293
0.798319
0.799335
0.800339
0.80133
0.802306
0.803263
0.804201
0.805118
0.806012
0.806882
0.807726
0.808543
0.809332
0.810092
0.810823
0.811523
0.812192
0.812829
0.813434
0.814007
0.814546
0.815053
0.815528
0.81597
0.816382
0.816763
0.817113
0.817435
0.817729
0.817996
0.818238
0.818456
0.818652
0.818828
0.818984
0.819122
0.819243
0.819351
0.819446
0.819531
0.819608
0.819678
0.819743
0.819805
0.819867
0.81993
0.819998
0.820073
0.820157
0.820252
0.82036
0.820481
0.820618
0.820773
0.820947
0.821143
0.821361
0.821603
0.821869
0.822161
0.822481
0.822829
0.823205
0.823611
0.824047
0.824513
0.82501
0.825537
0.826096
0.826686
0.827308
0.82796
0.828642
0.829354
0.830095
0.830865
0.831663
0.832487
0.833336
0.834209
0.835106
0.836026
0.836967
0.837927
0.838906
0.8399
0.84091
0.841933
0.842969
0.844015
0.845071
0.846134
0.847204
0.848279
0.849357
0.850438
0.851519
0.8526
0.853678
0.854753
0.855823
0.856884
0.857936
0.858976
0.860005
0.861019
0.862017
0.862999
0.863962
0.864904
0.865825
0.866722
0.867595
0.868441
0.869258
0.870044
0.870799
0.87152
0.872205
0.872854
0.873465
0.874037
0.874567
0.875054
0.875495
0.875888
0.876232
0.876525
0.876768
0.876958
0.877093
0.877173
0.877196
0.877162
0.877069
0.876916
0.876703
0.876426
0.876088
0.875686
0.87522
0.874689
0.874094
0.873433
0.872708
0.871919
0.871066
0.870152
0.869175
0.868137
0.867039
0.865882
0.864671
0.863405
0.862088
0.86072
0.859305
0.857843
0.856338
0.854794
0.853214
0.8516
0.849954
0.848279
0.846579
0.844855
0.843113
0.841354
0.839584
0.837804
0.836018
0.834229
0.83244
0.830655
0.828877
0.827109
0.825353
0.823612
0.821889
0.820188
0.818513
0.816863
0.815242
0.813652
0.812095
0.810576
0.809094
0.807653
0.806254
0.804899
0.80359
0.802329
0.801118
0.799957
0.798848
0.797792
0.796792
0.795849
0.794962
0.794134
0.793365
0.792657
0.792012
0.79143
0.790913
0.790461
0.790075
0.789755
0.789501
0.789314
0.789195
0.789144
0.789161
0.789246
0.789399
0.789619
0.789907
0.790263
0.790685
0.791174
0.791729
0.79235
0.793035
0.793783
0.794592
0.79546
0.796386
0.797368
0.798406
0.799496
0.800636
0.801826
0.803064
0.804348
0.805675
0.807045
0.808454
0.8099
0.81138
0.812892
0.814433
0.816002
0.817597
0.819217
0.820859
0.82252
0.824198
0.825891
0.827595
0.82931
0.831034
0.832763
0.834497
0.836233
0.83797
0.839706
0.84144
0.84317
0.844894
0.846612
0.848321
0.850022
0.851713
0.853392
0.855057
0.856709
0.858346
0.859968
0.861573
0.863162
0.864733
0.866285
0.867816
0.869327
0.870817
0.872287
0.873733
0.875158
0.87656
0.877938
0.879292
0.880621
0.881926
0.883206
0.884461
0.885691
0.886894
0.88807
0.889219
0.890341
0.891435
0.892501
0.89354
0.894549
0.895529
0.896479
0.897399
0.898289
0.899147
0.899973
0.900767
0.901529
0.902256
0.90295
0.903609
0.904235
0.904825
0.905379
0.905897
0.90638
0.906825
0.907233
0.907602
0.907931
0.908221
0.908471
0.90868
0.908849
0.908976
0.909061
0.909103
0.909102
0.909057
0.90897
0.90884
0.908665
0.908446
0.908182
0.907874
0.907522
0.907125
0.906681
0.906192
0.905656
0.905073
0.904445
0.903772
0.903053
0.902289
0.901481
0.900628
0.899732
0.898794
0.897813
0.896792
0.895731
0.894631
0.893493
0.892318
0.891108
0.889865
0.888589
0.887282
0.885947
0.884584
0.883196
0.881785
0.880353
0.878904
0.877437
0.875956
0.874463
0.87296
0.87145
0.869936
0.86842
0.866906
0.865396
0.863893
0.862399
0.860917
0.85945
0.858
0.856569
0.855161
0.853778
0.852422
0.851096
0.849802
0.848543
0.847321
0.846137
0.844993
0.843891
0.842832
0.841817
0.840847
0.839924
0.839048
0.83822
0.83744
0.836709
0.836026
0.835392
0.834806
0.834268
0.833775
0.833328
0.832926
0.832567
0.832251
0.831976
0.83174
0.83154
0.831374
0.831239
0.831134
0.831055
0.831
0.830968
0.830956
0.830961
0.83098
0.831011
0.831049
0.831093
0.83114
0.831189
0.831235
0.831275
0.831307
0.831328
0.831334
0.831323
0.831293
0.83124
0.831163
0.83106
0.830929
0.830768
0.830575
0.830348
0.830085
0.829786
0.829448
0.829069
0.82865
0.82819
0.827688
0.827142
0.826552
0.799631
0.798925
0.798183
0.797403
0.796586
0.795735
0.794848
0.793926
0.792971
0.791982
0.79096
0.789907
0.788824
0.787711
0.786571
0.785403
0.784211
0.782995
0.781758
0.7805
0.779225
0.777933
0.776626
0.775307
0.773977
0.77264
0.771296
0.769949
0.768601
0.767253
0.765909
0.764569
0.763237
0.761917
0.76061
0.759318
0.758043
0.756789
0.755556
0.754349
0.753168
0.752018
0.7509
0.749817
0.74877
0.747762
0.746794
0.745868
0.744987
0.744153
0.743366
0.742629
0.741943
0.741308
0.740728
0.740202
0.739732
0.739319
0.738963
0.738665
0.738426
0.738246
0.738126
0.738065
0.738063
0.73812
0.738235
0.738408
0.738638
0.738923
0.739264
0.739659
0.740106
0.740605
0.741155
0.741753
0.742399
0.743089
0.743823
0.744598
0.745413
0.746265
0.747153
0.748074
0.749025
0.750003
0.751007
0.752034
0.753082
0.754148
0.755229
0.756324
0.75743
0.758546
0.75967
0.760798
0.761929
0.763061
0.764193
0.765321
0.766444
0.767558
0.768662
0.769755
0.770835
0.7719
0.772947
0.773977
0.774986
0.775974
0.776941
0.777884
0.778804
0.7797
0.780571
0.781417
0.782238
0.783032
0.783801
0.784544
0.78526
0.785951
0.786615
0.787255
0.787869
0.78846
0.789027
0.789572
0.790095
0.790599
0.791083
0.791549
0.791998
0.792433
0.792853
0.793259
0.793654
0.794039
0.794416
0.794785
0.795149
0.795507
0.795861
0.796212
0.796561
0.796908
0.797253
0.797597
0.797942
0.798288
0.798636
0.798986
0.799339
0.799694
0.800049
0.800403
0.800755
0.801107
0.801456
0.801801
0.802143
0.802479
0.802811
0.803135
0.803452
0.803761
0.804059
0.804347
0.804624
0.804888
0.805139
0.805375
0.805596
0.8058
0.805987
0.806156
0.806309
0.806444
0.806561
0.806659
0.806739
0.806801
0.806844
0.806869
0.806876
0.806865
0.806837
0.806793
0.806732
0.806656
0.806567
0.806465
0.806352
0.806227
0.806091
0.805946
0.805792
0.805632
0.805465
0.805294
0.805119
0.804941
0.804763
0.804585
0.804407
0.80423
0.804057
0.803888
0.803723
0.803564
0.803411
0.803266
0.80313
0.803003
0.802887
0.802782
0.802689
0.802606
0.802537
0.802479
0.802435
0.802405
0.802388
0.802385
0.802396
0.80242
0.80246
0.802516
0.802587
0.802673
0.802773
0.802888
0.803016
0.803159
0.803317
0.80349
0.803678
0.80388
0.804097
0.804328
0.804574
0.804834
0.805109
0.805398
0.805701
0.806019
0.80635
0.806697
0.807058
0.807435
0.807826
0.808233
0.808654
0.809092
0.809544
0.810011
0.810494
0.810993
0.811508
0.812039
0.812585
0.813147
0.813726
0.814322
0.814933
0.815559
0.8162
0.816858
0.81753
0.818217
0.818918
0.819632
0.82036
0.8211
0.821854
0.822619
0.823395
0.824182
0.824977
0.825782
0.826595
0.827416
0.828242
0.829074
0.829909
0.830746
0.831585
0.832424
0.833262
0.834099
0.834934
0.835763
0.836586
0.837402
0.838209
0.839007
0.839794
0.840572
0.841337
0.84209
0.842828
0.843549
0.844253
0.844939
0.845606
0.846253
0.846879
0.847483
0.848066
0.848626
0.849161
0.849673
0.850161
0.850624
0.851062
0.851475
0.851862
0.852222
0.852557
0.852866
0.853151
0.85341
0.853643
0.853849
0.85403
0.854185
0.854314
0.854419
0.854498
0.854553
0.854585
0.854593
0.854578
0.854541
0.854482
0.854403
0.854304
0.854185
0.854047
0.85389
0.853716
0.853523
0.853313
0.853086
0.852842
0.852582
0.852306
0.852015
0.851709
0.851388
0.851053
0.850705
0.850343
0.849967
0.849578
0.849174
0.848756
0.848325
0.847881
0.847424
0.846954
0.846471
0.845974
0.845463
0.844939
0.844401
0.843849
0.843285
0.842707
0.842116
0.841512
0.840896
0.840269
0.83963
0.838979
0.838317
0.837644
0.836962
0.83627
0.835571
0.834864
0.834151
0.833434
0.832713
0.83199
0.831267
0.830544
0.829823
0.829106
0.828394
0.827691
0.826996
0.826314
0.825645
0.824992
0.824357
0.823743
0.823152
0.822586
0.822048
0.82154
0.821064
0.820622
0.820216
0.819849
0.819523
0.81924
0.819001
0.818809
0.818666
0.818573
0.818532
0.818546
0.818614
0.818738
0.818919
0.819158
0.819455
0.819813
0.820232
0.82071
0.821249
0.821846
0.822502
0.823215
0.823986
0.824814
0.825697
0.826635
0.827626
0.82867
0.829765
0.830908
0.832098
0.833333
0.83461
0.835929
0.837285
0.838679
0.840107
0.841567
0.843058
0.844577
0.846122
0.84769
0.849278
0.850886
0.85251
0.854148
0.855797
0.857456
0.859122
0.860794
0.862469
0.864144
0.865818
0.867487
0.86915
0.870804
0.872448
0.87408
0.875698
0.877299
0.878883
0.880447
0.881989
0.883507
0.884999
0.886465
0.887901
0.889308
0.890683
0.892025
0.893333
0.894606
0.895842
0.89704
0.898198
0.899316
0.900391
0.901424
0.902412
0.903354
0.904251
0.905101
0.905904
0.90666
0.907369
0.908029
0.90864
0.909203
0.909718
0.910184
0.910601
0.910968
0.911287
0.911557
0.911779
0.911956
0.912086
0.912171
0.912211
0.912207
0.912161
0.912073
0.911946
0.911781
0.911578
0.91134
0.911067
0.910762
0.910427
0.910064
0.909673
0.909258
0.908819
0.90836
0.907883
0.90739
0.906882
0.906362
0.905833
0.905296
0.904754
0.90421
0.903664
0.903121
0.902582
0.902048
0.901521
0.901004
0.9005
0.900008
0.899532
0.899073
0.898633
0.898212
0.897814
0.897438
0.897087
0.89676
0.896459
0.896186
0.89594
0.895723
0.895535
0.895377
0.895249
0.89515
0.89508
0.895039
0.895028
0.895044
0.895086
0.895156
0.895251
0.895371
0.895513
0.895676
0.895858
0.896056
0.896271
0.896498
0.896736
0.896984
0.897238
0.897498
0.897762
0.898029
0.898293
0.898554
0.898808
0.899053
0.899286
0.899506
0.899711
0.899896
0.90006
0.900201
0.900317
0.900407
0.900468
0.900498
0.900494
0.900455
0.900378
0.900262
0.900107
0.899911
0.899672
0.89939
0.899062
0.898689
0.898269
0.897802
0.897288
0.896726
0.896116
0.895458
0.89475
0.893994
0.89319
0.892338
0.89144
0.890497
0.889507
0.888472
0.887393
0.886269
0.885103
0.883896
0.882651
0.881369
0.880049
0.878692
0.877301
0.875876
0.874419
0.872931
0.871414
0.869869
0.868298
0.866703
0.865086
0.863447
0.861789
0.860113
0.858423
0.85672
0.855004
0.853278
0.851542
0.849799
0.848051
0.846298
0.844544
0.842792
0.841043
0.839298
0.837558
0.835825
0.834102
0.832387
0.830684
0.828993
0.827317
0.825657
0.824015
0.82239
0.820784
0.819198
0.817634
0.816093
0.814575
0.813082
0.811612
0.810168
0.808751
0.80736
0.805996
0.80466
0.803351
0.80207
0.800817
0.799592
0.798396
0.797228
0.796089
0.794978
0.793897
0.792844
0.791819
0.790821
0.789851
0.788908
0.78799
0.787099
0.786233
0.785391
0.784573
0.783777
0.783004
0.782251
0.781519
0.780808
0.780115
0.77944
0.778781
0.778138
0.777509
0.776892
0.776288
0.775695
0.775112
0.774539
0.773973
0.773414
0.772861
0.772311
0.771764
0.771218
0.770673
0.770127
0.769581
0.769033
0.768482
0.767927
0.767366
0.7668
0.766227
0.765648
0.765062
0.764467
0.763866
0.763257
0.76264
0.762016
0.761386
0.760748
0.760106
0.759459
0.758809
0.758156
0.757502
0.756848
0.756196
0.755547
0.754904
0.754267
0.753639
0.753022
0.752417
0.751826
0.75125
0.750691
0.750151
0.749631
0.749132
0.748656
0.748202
0.747773
0.747368
0.746989
0.746635
0.746307
0.746002
0.745722
0.745465
0.74523
0.745016
0.744822
0.744646
0.744486
0.744341
0.744208
0.744087
0.743974
0.743867
0.743765
0.743664
0.743562
0.743458
0.743349
0.743233
0.743109
0.742976
0.74283
0.742671
0.742496
0.742305
0.742097
0.74187
0.741624
0.741358
0.741071
0.740764
0.740436
0.740089
0.739722
0.739335
0.738929
0.738505
0.738064
0.737608
0.737137
0.736652
0.736156
0.735648
0.735132
0.734609
0.73408
0.733547
0.733011
0.732475
0.731941
0.731412
0.730887
0.730369
0.72986
0.729361
0.728874
0.728401
0.727945
0.727505
0.727085
0.726685
0.726309
0.725957
0.72563
0.72533
0.725057
0.724812
0.724597
0.724414
0.724264
0.724147
0.724065
0.724016
0.724003
0.724025
0.724084
0.724178
0.724308
0.724474
0.724677
0.724917
0.725195
0.725511
0.725863
0.726252
0.726676
0.727137
0.727633
0.728165
0.728732
0.729332
0.729967
0.730636
0.731338
0.732072
0.732836
0.733631
0.734457
0.735311
0.736194
0.737105
0.738043
0.739007
0.739996
0.741011
0.74205
0.743112
0.744198
0.745305
0.746435
0.747586
0.748759
0.749951
0.751164
0.752399
0.753652
0.754924
0.756214
0.757521
0.758846
0.760187
0.761545
0.762918
0.764307
0.76571
0.767127
0.768557
0.77
0.771457
0.772925
0.774405
0.775896
0.777398
0.778909
0.780429
0.781959
0.783497
0.78504
0.78659
0.788145
0.789704
0.791265
0.792828
0.794393
0.795957
0.797518
0.799076
0.80063
0.802179
0.80372
0.805251
0.80677
0.808276
0.809766
0.811241
0.812697
0.814133
0.815548
0.816941
0.81831
0.819655
0.820975
0.822266
0.823528
0.824759
0.825958
0.827124
0.828255
0.829352
0.830414
0.831439
0.832427
0.833377
0.834288
0.835162
0.835997
0.836793
0.83755
0.838267
0.838945
0.839583
0.840183
0.840745
0.841269
0.841756
0.842207
0.842622
0.843002
0.843348
0.843661
0.84394
0.844189
0.844408
0.844597
0.844759
0.844894
0.845003
0.845087
0.845146
0.845183
0.845198
0.845193
0.84517
0.845128
0.84507
0.844996
0.844906
0.844803
0.844687
0.84456
0.844422
0.844275
0.84412
0.843958
0.84379
0.843614
0.843434
0.84325
0.843063
0.842875
0.842684
0.842492
0.842299
0.842107
0.841917
0.841729
0.841544
0.841361
0.841182
0.841007
0.840838
0.840675
0.840518
0.840367
0.840224
0.840089
0.839962
0.839844
0.839735
0.839636
0.839546
0.839468
0.839401
0.839346
0.839303
0.839271
0.83925
0.839242
0.839246
0.839263
0.839294
0.839339
0.839397
0.839469
0.839556
0.800031
0.800163
0.80032
0.800501
0.800708
0.800941
0.801199
0.801482
0.801791
0.802126
0.802486
0.802872
0.803283
0.803721
0.804184
0.804673
0.805188
0.805729
0.806297
0.806891
0.807513
0.808161
0.808838
0.80954
0.810267
0.81102
0.811797
0.812598
0.813424
0.814274
0.815148
0.816046
0.816966
0.817909
0.818874
0.819862
0.820871
0.821901
0.822951
0.82402
0.825109
0.826215
0.827338
0.828477
0.829629
0.830796
0.831976
0.833169
0.834371
0.835582
0.8368
0.838025
0.839253
0.840484
0.841717
0.842949
0.84418
0.845408
0.84663
0.847845
0.84905
0.850245
0.851427
0.852597
0.85375
0.854887
0.856005
0.857104
0.85818
0.859232
0.860258
0.861256
0.862226
0.863166
0.864073
0.864946
0.865784
0.866586
0.86735
0.868075
0.868761
0.869406
0.87001
0.870573
0.871092
0.871569
0.872001
0.872388
0.872729
0.873025
0.873274
0.873479
0.873638
0.873751
0.873817
0.873838
0.873814
0.873744
0.873631
0.873474
0.873274
0.873033
0.872752
0.872432
0.872073
0.871678
0.871246
0.870779
0.870278
0.869745
0.869181
0.868588
0.867967
0.867321
0.86665
0.865955
0.865238
0.864499
0.863742
0.862968
0.862177
0.861372
0.860553
0.859722
0.85888
0.858028
0.857167
0.856298
0.855425
0.854548
0.853669
0.852787
0.851904
0.851019
0.850135
0.849252
0.848371
0.847495
0.846622
0.845755
0.844894
0.84404
0.843194
0.842356
0.841526
0.840706
0.839896
0.839096
0.838308
0.837532
0.836769
0.83602
0.835287
0.834567
0.833863
0.833175
0.832503
0.831848
0.83121
0.830589
0.829986
0.829401
0.828835
0.828289
0.827761
0.82725
0.826759
0.826287
0.825835
0.8254
0.824985
0.824587
0.824208
0.823848
0.823507
0.823188
0.822887
0.822606
0.822345
0.822102
0.821879
0.821675
0.821489
0.821323
0.821175
0.821047
0.820937
0.820845
0.820773
0.82072
0.820686
0.820672
0.820677
0.8207
0.820741
0.820801
0.820881
0.820979
0.821095
0.82123
0.821383
0.821554
0.821745
0.821954
0.822181
0.822424
0.822683
0.822959
0.823251
0.823558
0.823878
0.824212
0.824558
0.824916
0.825285
0.825665
0.826055
0.826452
0.826857
0.827269
0.827686
0.828108
0.828533
0.82896
0.829387
0.829813
0.830236
0.830656
0.831071
0.831481
0.831883
0.832275
0.832656
0.833027
0.833385
0.833729
0.834056
0.834367
0.83466
0.834932
0.835185
0.835416
0.835624
0.835808
0.835967
0.8361
0.836206
0.836284
0.836332
0.83635
0.836337
0.836291
0.836214
0.836104
0.835959
0.83578
0.835567
0.835319
0.835036
0.834718
0.834362
0.83397
0.833541
0.833074
0.832569
0.832026
0.831444
0.830823
0.830164
0.829465
0.828729
0.827954
0.827141
0.826289
0.825399
0.824471
0.823505
0.822501
0.821462
0.820387
0.819277
0.81813
0.816948
0.81573
0.81448
0.813195
0.811878
0.810529
0.80915
0.807743
0.806308
0.804846
0.80336
0.80185
0.800318
0.798766
0.797195
0.795607
0.794003
0.792384
0.790752
0.789109
0.787458
0.785799
0.784136
0.78247
0.780804
0.779141
0.777484
0.775834
0.774194
0.772567
0.770956
0.769362
0.76779
0.766242
0.76472
0.763227
0.761767
0.760341
0.758953
0.757606
0.756303
0.755045
0.753835
0.752678
0.751575
0.750531
0.749545
0.748622
0.747763
0.74697
0.746246
0.745593
0.745014
0.744511
0.744085
0.743737
0.743469
0.743282
0.743177
0.743155
0.743216
0.743361
0.74359
0.743904
0.744303
0.744787
0.745356
0.746008
0.746743
0.74756
0.748458
0.749434
0.750489
0.751618
0.752822
0.754097
0.755442
0.756853
0.758328
0.759864
0.761458
0.763107
0.764808
0.766558
0.768353
0.77019
0.772066
0.773977
0.77592
0.77789
0.779883
0.781895
0.783923
0.785963
0.78801
0.790061
0.792112
0.794161
0.796202
0.798231
0.800244
0.802236
0.804204
0.806145
0.808054
0.809928
0.811764
0.813558
0.815308
0.817009
0.818658
0.820251
0.821787
0.823264
0.824677
0.826023
0.8273
0.828506
0.829639
0.830696
0.831676
0.832576
0.833396
0.834132
0.834784
0.835349
0.835825
0.836212
0.836509
0.836715
0.836829
0.83685
0.836778
0.836612
0.836352
0.835998
0.83555
0.835008
0.834371
0.833642
0.83282
0.831906
0.8309
0.829803
0.828616
0.827342
0.825982
0.824537
0.823009
0.821399
0.819709
0.81794
0.816097
0.814181
0.812195
0.81014
0.80802
0.805837
0.803596
0.801298
0.798949
0.796551
0.794106
0.791619
0.789094
0.786534
0.783945
0.781328
0.778689
0.776031
0.773358
0.770676
0.767988
0.765299
0.762612
0.759934
0.757268
0.754619
0.751991
0.749389
0.746817
0.74428
0.741783
0.739329
0.736923
0.73457
0.732274
0.73004
0.727871
0.725772
0.723746
0.721797
0.719929
0.718146
0.716452
0.714849
0.71334
0.711927
0.710613
0.7094
0.708291
0.707288
0.706392
0.705606
0.704932
0.704368
0.703917
0.703579
0.703355
0.703243
0.703245
0.703361
0.703588
0.703929
0.70438
0.704941
0.705611
0.706389
0.707272
0.70826
0.709349
0.710539
0.711826
0.713207
0.714679
0.716241
0.717888
0.719619
0.721429
0.723315
0.725276
0.727307
0.729404
0.731565
0.733785
0.736063
0.738393
0.740774
0.743201
0.745671
0.74818
0.750726
0.753304
0.755912
0.758547
0.761203
0.76388
0.766574
0.769282
0.771999
0.774725
0.777457
0.78019
0.782922
0.785649
0.788371
0.791083
0.793782
0.796467
0.799134
0.801782
0.804408
0.807011
0.809589
0.812137
0.814656
0.817143
0.819597
0.822016
0.824397
0.826738
0.829039
0.831298
0.833513
0.835682
0.837805
0.83988
0.841905
0.843879
0.845801
0.847669
0.849483
0.851241
0.852942
0.854585
0.85617
0.857695
0.859159
0.860564
0.861909
0.863192
0.864412
0.86557
0.866663
0.867693
0.868659
0.86956
0.870397
0.87117
0.871879
0.872524
0.873106
0.873624
0.87408
0.874474
0.874807
0.87508
0.875295
0.875452
0.875553
0.875598
0.875589
0.875525
0.875409
0.875242
0.875024
0.874758
0.874444
0.874085
0.87368
0.873233
0.872746
0.872219
0.871654
0.871054
0.870421
0.869756
0.869061
0.868339
0.867592
0.866821
0.866027
0.865213
0.86438
0.863529
0.862663
0.861783
0.860892
0.859989
0.859078
0.858159
0.857235
0.856306
0.855374
0.854441
0.853507
0.852574
0.851642
0.850714
0.84979
0.848871
0.847959
0.847055
0.84616
0.845272
0.844394
0.843526
0.842668
0.841821
0.840986
0.840162
0.839351
0.838553
0.837769
0.836999
0.836243
0.835504
0.834779
0.834069
0.833375
0.832697
0.832036
0.831391
0.830763
0.830154
0.829564
0.828994
0.828443
0.827912
0.8274
0.826909
0.826438
0.825989
0.825561
0.825157
0.824775
0.824417
0.824081
0.82377
0.823483
0.82322
0.822982
0.822769
0.822581
0.822419
0.822282
0.822171
0.822086
0.822024
0.821988
0.821976
0.821988
0.822023
0.822082
0.822164
0.822269
0.822394
0.822538
0.822702
0.822882
0.823079
0.823289
0.823511
0.823744
0.823986
0.824236
0.824491
0.824749
0.825009
0.82527
0.825528
0.825782
0.82603
0.826271
0.826502
0.82672
0.826923
0.827109
0.827276
0.827423
0.827547
0.827646
0.827716
0.827758
0.827768
0.827746
0.827688
0.827592
0.827457
0.82728
0.827061
0.826797
0.826488
0.826133
0.825731
0.825281
0.824781
0.82423
0.823627
0.822971
0.822262
0.821499
0.820682
0.819812
0.818888
0.817911
0.816881
0.815799
0.814665
0.81348
0.812243
0.810957
0.809623
0.808243
0.806818
0.805349
0.803838
0.802288
0.8007
0.799079
0.797425
0.795742
0.79403
0.792294
0.790535
0.788757
0.786962
0.785155
0.783339
0.781516
0.77969
0.777863
0.77604
0.774223
0.772416
0.770623
0.768847
0.767092
0.765361
0.763658
0.761987
0.760351
0.758752
0.757194
0.755679
0.75421
0.75279
0.751422
0.750107
0.748849
0.747649
0.746509
0.74543
0.744416
0.743466
0.742583
0.741767
0.741019
0.74034
0.73973
0.739189
0.738716
0.738313
0.737978
0.737711
0.737512
0.737379
0.737311
0.737305
0.737362
0.737479
0.737655
0.737887
0.738174
0.738514
0.738905
0.739344
0.739828
0.740356
0.740927
0.741536
0.742182
0.742862
0.743574
0.744316
0.745085
0.745879
0.746695
0.747529
0.748381
0.749248
0.750128
0.751019
0.751918
0.752822
0.753731
0.754642
0.755552
0.756461
0.757368
0.75827
0.759168
0.760059
0.760944
0.76182
0.762688
0.763543
0.764388
0.76522
0.766039
0.766845
0.767638
0.768418
0.769184
0.769937
0.770678
0.771406
0.772121
0.772823
0.773513
0.774193
0.774861
0.77552
0.776169
0.776811
0.777446
0.778076
0.778702
0.779325
0.779949
0.780575
0.781202
0.781833
0.782469
0.783111
0.78376
0.78442
0.78509
0.785774
0.786473
0.787188
0.787921
0.788673
0.789445
0.790238
0.791052
0.79189
0.792752
0.793639
0.79455
0.795487
0.796449
0.797436
0.798449
0.799486
0.800549
0.801636
0.802746
0.803879
0.805034
0.80621
0.807405
0.808617
0.809846
0.81109
0.812347
0.813613
0.814889
0.816171
0.817458
0.818747
0.820037
0.821326
0.82261
0.823889
0.825157
0.826414
0.827656
0.828882
0.830091
0.831278
0.832442
0.833583
0.834696
0.835781
0.836835
0.837855
0.838842
0.839792
0.840705
0.841579
0.842412
0.843205
0.843955
0.844662
0.845325
0.845942
0.846512
0.847035
0.847509
0.847935
0.848313
0.848641
0.84892
0.849148
0.849327
0.849457
0.849537
0.849567
0.849548
0.849481
0.849367
0.849205
0.848995
0.84874
0.848438
0.84809
0.847697
0.847261
0.846781
0.846259
0.845695
0.845092
0.844448
0.843766
0.843047
0.84229
0.8415
0.840675
0.839818
0.838929
0.83801
0.837062
0.836084
0.83508
0.834051
0.832998
0.831923
0.830826
0.829709
0.828574
0.827423
0.826257
0.825076
0.823883
0.822678
0.821463
0.82024
0.81901
0.817774
0.816535
0.815293
0.814051
0.812811
0.811573
0.810339
0.80911
0.807889
0.806676
0.805475
0.804285
0.803109
0.801947
0.800802
0.799676
0.79857
0.797485
0.796424
