2.84784
2.84015
2.82617
2.80468
2.77406
2.73213
2.67621
2.60341
2.51104
2.39727
2.26205
2.10842
1.94335
1.77784
1.62544
1.49919
1.40835
1.35641
1.34106
1.35571
1.3916
1.43956
1.49122
1.53971
1.57992
1.60873
1.62509
1.62983
1.62526
1.6143
1.59965
1.58312
1.56536
1.54636
1.52609
1.50523
1.48549
1.46936
1.45941
1.4575
1.46418
1.47846
1.49815
1.52059
1.54346
1.56531
1.58567
1.60456
1.6219
1.63713
1.64922
1.65695
1.65921
1.65532
1.64523
1.62965
1.61008
1.58883
1.56903
1.55408
1.54688
1.54885
1.55958
1.57736
1.60003
1.62543
1.6511
1.67392
1.69069
1.69934
1.69993
1.69485
1.68794
1.68311
1.68287
1.68751
1.69505
1.70192
1.70424
1.69923
1.68627
1.66702
1.64476
1.62326
1.60579
1.5943
1.58904
1.58846
1.58967
1.58943
1.58499
1.57503
1.55997
1.54192
1.52393
1.50869
1.49754
1.48997
1.48429
1.47885
1.47337
1.46928
1.46878
1.47317
1.48212
1.49401
1.5068
1.51879
1.52892
1.53668
1.5414
1.54197
1.53732
1.52725
1.51283
1.49585
1.47812
1.46096
1.44532
1.43233
1.42381
1.42193
1.42802
1.44137
1.45921
1.47797
1.4947
1.50801
1.51792
1.52512
1.53041
1.53456
1.53851
1.5433
1.54959
1.55715
1.56463
1.56998
1.57124
1.56741
1.55914
1.54856
1.53855
1.53161
1.52895
1.53034
1.53462
1.54034
1.54603
1.55044
1.55255
1.55176
1.5479
1.54115
1.53189
1.52059
1.50771
1.49364
1.47852
1.4623
1.44489
1.42656
1.40809
1.39066
1.37534
1.36274
1.35341
1.34809
1.34768
1.35277
1.36306
1.37694
1.39207
1.40643
1.41933
1.43111
1.44203
1.45147
1.45863
1.46355
1.46753
1.47258
1.48061
1.49232
1.50665
1.52102
1.53268
1.54005
1.54346
1.54452
1.54488
1.54515
1.5448
1.54277
1.53826
1.53157
1.52426
1.51832
1.51488
1.51346
1.51246
1.51044
1.50664
1.50092
1.49328
1.48379
1.47287
1.46142
1.45104
1.44389
1.44233
1.44827
1.46225
1.48282
1.507
1.5314
1.55332
1.57132
1.58546
1.59729
1.60922
1.62339
1.64059
1.65978
1.67851
1.69367
1.70227
1.70199
1.69169
1.67173
1.64428
1.61327
1.58395
1.56175
1.55039
1.5502
1.55778
1.56758
1.57426
1.57444
1.56721
1.55371
1.53648
1.51888
1.50449
1.49631
1.49628
1.50537
1.52389
1.55072
1.5827
1.6153
1.64452
1.66803
1.68532
1.69724
1.7053
1.71024
1.71116
1.70597
1.69281
1.67142
1.6436
1.61281
1.58326
1.55874
1.54165
1.53242
1.52966
1.53084
1.53329
1.5351
1.53562
1.53549
1.53618
1.53905
1.54447
1.55147
1.55814
1.56228
1.56202
1.55613
1.54419
1.52667
1.50505
1.48214
1.4618
1.44806
1.44358
1.44853
1.4612
1.47953
1.50212
1.52788
1.55498
1.58063
1.60168
1.6156
1.62117
1.61878
1.61034
1.59884
1.58776
1.58024
1.57835
1.58234
1.59032
1.59858
1.60289
1.60014
1.58961
1.5733
1.55509
1.53938
1.5298
1.52827
1.53449
1.54595
1.5587
1.56854
1.57222
1.56836
1.55769
1.54258
1.52605
1.51076
1.49882
1.49209
1.49223
1.50013
1.51527
1.53542
1.55725
1.57708
1.59172
1.59909
1.59851
1.59068
1.57762
1.56216
1.54744
1.53606
1.52938
1.52743
1.52935
1.53398
1.54026
1.54732
1.55428
1.5602
1.56399
1.56467
1.56188
1.55637
1.54976
1.5439
1.54017
1.53929
1.54161
1.54714
1.55527
1.5646
1.57312
1.57886
1.58076
1.57927
1.57635
1.57476
1.57684
1.58355
1.59413
1.60661
1.61862
1.62827
1.63455
1.6373
1.63691
1.63394
1.6287
1.62117
1.61125
1.59898
1.58484
1.56989
1.5558
1.54445
1.53741
1.53525
1.5374
1.5424
1.54859
1.55478
1.56066
1.56642
1.57233
1.57827
1.58391
1.58909
1.59392
1.59842
1.60213
1.60428
1.60455
1.60349
1.60246
1.60313
1.60679
1.61369
1.62281
1.63208
1.63929
1.64305
1.64309
1.63972
1.63349
1.62564
1.61835
1.61299
1.60817
1.60049
1.58726
1.56824
1.54545
1.5222
1.50217
1.48895
1.48556
1.49357
1.51189
1.53668
1.56285
1.58612
1.60411
1.61596
1.62177
1.62206
1.61746
1.6087
1.59637
1.58095
1.56283
1.54278
1.52225
1.50327
1.48808
1.47847
1.47524
1.47817
1.48612
1.49695
1.50794
1.51669
1.52244
1.52631
1.53057
1.53749
1.54833
1.56287
1.57954
1.59622
1.61096
1.62251
1.63062
1.63586
1.63957
1.6435
1.64898
1.65622
1.66398
1.67006
1.67252
1.67087
1.66646
1.6616
1.65807
1.65607
1.65466
1.65285
1.65023
1.64686
1.64274
1.63767
1.63133
1.62352
1.61426
1.60373
1.5922
1.57999
1.56748
1.55517
1.54384
1.53454
1.52837
1.52607
1.52745
1.53114
1.53495
1.53657
1.53445
1.52844
1.51998
1.51156
1.5059
1.50494
1.5092
1.51758
1.52758
1.53602
1.53997
1.53753
1.5283
1.51343
1.49553
1.4781
1.46473
1.45829
1.46038
1.47094
1.48827
1.50947
1.5312
1.55039
1.56463
1.57229
1.57259
1.56547
1.55155
1.53247
1.5117
1.49546
1.49183
1.50637
1.53768
1.57808
1.61863
1.65266
1.67667
1.68966
1.69262
1.68816
1.67956
1.66965
1.66002
1.65108
1.64287
1.63546
1.62855
1.62095
1.61092
1.59704
1.57916
1.55867
1.53815
1.52086
1.51011
1.5081
1.51461
1.52699
1.5416
1.55544
1.5663
1.57233
1.57181
1.5633
1.5461
1.52054
1.48831
1.45289
1.41926
1.39263
1.37702
1.37437
1.38448
1.40526
1.43298
1.46281
1.48978
1.50961
1.51944
1.51815
1.50643
1.48662
1.46222
1.43736
1.41616
1.4021
1.39771
1.40435
1.42191
1.44882
1.48216
1.51815
1.5529
1.58303
1.60594
1.61993
1.62419
1.61886
1.60532
1.58626
1.56548
1.54713
1.53445
1.5287
1.52897
1.53312
1.53892
1.54469
1.54939
1.55231
1.55295
1.55081
1.54543
1.53663
1.52497
1.51211
1.50052
1.49228
1.48808
1.48753
1.49018
1.49606
1.50545
1.51843
1.53441
1.55157
1.56675
1.57629
1.5773
1.5688
1.552
1.52997
1.50701
1.48771
1.47562
1.47227
1.47695
1.48761
1.50228
1.51944
1.53754
1.55432
1.56729
1.57522
1.57925
1.58251
1.5886
1.59981
1.61622
1.63579
1.65539
1.67223
1.68493
1.69401
1.70107
1.70723
1.71171
1.71191
1.70496
1.68928
1.6655
1.63637
1.60614
1.57962
1.56069
1.55089
1.54874
1.55028
1.55084
1.547
1.538
1.52593
1.51448
1.50643
1.50199
1.49923
1.49611
1.49228
1.48928
1.48953
1.49533
1.50831
1.52914
1.55731
1.5907
1.6257
1.65785
1.683
1.69819
1.70242
1.69695
1.68505
1.67095
1.65833
1.64897
1.64244
1.63686
1.63017
1.62094
1.60878
1.59437
1.57938
1.566
1.55606
1.5498
1.54534
1.53925
1.52795
1.50899
1.48185
1.44831
1.41254
1.38041
1.35801
1.34952
1.35594
1.37521
1.40333
1.43547
1.4669
1.49368
1.51318
1.52451
1.52865
1.52821
1.52658
1.52665
1.52981
1.53566
1.54296
1.55103
1.56063
1.57347
1.59028
1.60883
1.6242
1.63114
1.62636
1.60945
1.5821
1.54702
1.50727
1.46618
1.42749
1.39534
1.37373
1.36554
1.37163
1.39058
1.419
1.45244
1.48646
1.51754
1.54362
1.56417
1.57997
1.59263
1.60369
1.61381
1.62237
1.62792
1.62905
1.6253
1.61733
1.60675
1.59583
1.58707
1.58239
1.58253
1.58657
1.59224
1.59665
1.59728
1.59288
1.58418
1.57386
1.56559
1.56202
1.56345
1.56796
1.57296
1.5768
1.57926
1.58138
1.58477
1.59111
1.60162
1.61671
1.63566
1.6565
1.67631
1.69173
1.69954
1.69712
1.68264
1.65535
1.61589
1.56646
1.51074
1.45355
1.40067
1.35835
1.33239
1.32668
1.34181
1.37496
1.42109
1.47463
1.53066
1.58504
1.63415
1.67466
1.70374
1.7194
1.72099
1.70933
1.68691
1.65753
1.62561
1.59522
1.56937
1.55011
1.53881
1.53648
1.54333
1.55813
1.57796
1.59887
1.61699
1.62963
1.63585
1.63616
1.63181
1.62391
1.61317
1.60023
1.58668
1.57545
1.56971
1.57048
1.57585
1.58263
1.58845
1.59227
1.59382
1.593
1.58981
1.58452
1.57765
1.56973
1.56111
1.55202
1.54284
1.53421
1.52705
1.52238
1.52123
1.52459
1.53312
1.54688
1.56508
1.58611
1.60793
1.62845
1.64592
1.65906
1.66709
1.66943
1.66566
1.65567
1.64003
1.62032
1.59914
1.57964
1.56448
1.5549
1.55042
1.54941
1.55016
1.55182
1.55461
1.55921
1.566
1.57453
1.58359
1.59174
1.59767
1.6005
1.59974
1.59532
1.58745
1.57644
1.56261
1.5463
1.5282
1.50981
1.49352
1.48233
1.479
1.48516
1.50053
1.52266
1.54752
1.57068
1.58846
1.5986
1.60054
1.59538
1.58576
1.57517
1.56716
1.56424
1.56721
1.5753
1.58687
1.60035
1.61474
1.62932
1.64324
1.65526
1.66393
1.66791
1.66644
1.65967
1.64879
1.63572
1.6226
1.61106
1.60182
1.59475
1.58934
1.58505
1.58136
1.57762
1.57294
1.56629
1.55689
1.54488
1.53169
1.51972
1.51153
1.50903
1.51315
1.52367
1.53913
1.55704
1.57447
1.58879
1.5983
1.60241
1.60155
1.59666
1.58873
1.57858
1.56708
1.55581
1.54736
1.54472
1.54935
1.55999
1.57339
1.58622
1.59643
1.60336
1.60711
1.60812
1.60719
1.60572
1.60587
1.60994
1.61904
1.63199
1.64546
1.6555
1.65927
1.65619
1.64795
1.63778
1.62897
1.62354
1.62165
1.62225
1.62376
1.62459
1.62337
1.61949
1.61366
1.60806
1.60531
1.60675
1.6113
1.61626
1.61926
1.61934
1.61691
1.61311
1.60907
1.60535
1.60193
1.59836
