1.89856
1.89343
1.88411
1.86979
1.84938
1.82142
1.78414
1.73561
1.67403
1.59818
1.50804
1.40561
1.29556
1.18522
1.08363
0.999459
0.9389
0.904272
0.894037
0.903806
0.927732
0.959707
0.994146
1.02648
1.05328
1.07248
1.08339
1.08655
1.0835
1.0762
1.06644
1.05541
1.04357
1.0309
1.01739
1.00348
0.990329
0.979572
0.972937
0.971669
0.976123
0.985638
0.998765
1.01373
1.02897
1.04354
1.05712
1.06971
1.08126
1.09142
1.09948
1.10463
1.10614
1.10354
1.09682
1.08643
1.07339
1.05922
1.04602
1.03605
1.03125
1.03257
1.03972
1.05157
1.06668
1.08362
1.10073
1.11594
1.12713
1.13289
1.13329
1.1299
1.12529
1.12207
1.12191
1.12501
1.13004
1.13462
1.13616
1.13282
1.12418
1.11135
1.09651
1.08217
1.07052
1.06287
1.05936
1.05897
1.05978
1.05962
1.05666
1.05002
1.03998
1.02795
1.01595
1.00579
0.998358
0.993314
0.989524
0.985902
0.982247
0.979521
0.979188
0.982116
0.98808
0.996006
1.00453
1.01252
1.01928
1.02445
1.0276
1.02798
1.02488
1.01817
1.00856
0.997234
0.985416
0.973975
0.963547
0.954885
0.949206
0.947955
0.952014
0.960912
0.97281
0.985311
0.996463
1.00534
1.01195
1.01675
1.02027
1.02304
1.02568
1.02887
1.03306
1.0381
1.04309
1.04665
1.04749
1.04494
1.03943
1.03237
1.0257
1.02107
1.0193
1.02022
1.02308
1.02689
1.03069
1.03362
1.03503
1.03451
1.03193
1.02743
1.02126
1.01373
1.00514
0.995757
0.985682
0.974864
0.963262
0.951039
0.938726
0.927107
0.916891
0.908494
0.902273
0.898725
0.898453
0.901849
0.908705
0.917961
0.928045
0.937623
0.94622
0.954075
0.961355
0.967648
0.972418
0.975703
0.978351
0.981721
0.987072
0.994883
1.00443
1.01401
1.02178
1.0267
1.02897
1.02968
1.02992
1.0301
1.02987
1.02851
1.02551
1.02105
1.01618
1.01221
1.00992
1.00897
1.00831
1.00696
1.00443
1.00061
0.995519
0.989196
0.981913
0.974282
0.96736
0.962593
0.961555
0.965514
0.974834
0.988546
1.00467
1.02093
1.03554
1.04755
1.05698
1.06486
1.07281
1.08226
1.09373
1.10652
1.11901
1.12911
1.13485
1.13466
1.12779
1.11449
1.09619
1.07551
1.05597
1.04117
1.03359
1.03347
1.03852
1.04505
1.0495
1.04963
1.04481
1.03581
1.02432
1.01259
1.00299
0.997543
0.997517
1.00358
1.01592
1.03382
1.05514
1.07686
1.09634
1.11202
1.12355
1.13149
1.13686
1.14016
1.14077
1.13731
1.12854
1.11428
1.09573
1.07521
1.0555
1.03916
1.02777
1.02161
1.01977
1.02056
1.02219
1.0234
1.02374
1.02366
1.02412
1.02604
1.02965
1.03431
1.03876
1.04152
1.04135
1.03742
1.02946
1.01778
1.00337
0.988094
0.974535
0.965373
0.962385
0.965686
0.974135
0.98635
1.00141
1.01859
1.03665
1.05375
1.06779
1.07707
1.08078
1.07919
1.07356
1.0659
1.05851
1.0535
1.05223
1.05489
1.06021
1.06572
1.06859
1.06676
1.05974
1.04887
1.03673
1.02625
1.01987
1.01885
1.02299
1.03063
1.03913
1.04569
1.04815
1.04558
1.03846
1.02839
1.01737
1.00717
0.999212
0.994729
0.994819
1.00009
1.01018
1.02361
1.03817
1.05139
1.06115
1.06606
1.06567
1.06045
1.05174
1.04144
1.03163
1.02404
1.01959
1.01829
1.01956
1.02265
1.02684
1.03154
1.03619
1.04014
1.04266
1.04311
1.04126
1.03758
1.03317
1.02927
1.02678
1.02619
1.02774
1.03143
1.03685
1.04307
1.04874
1.05258
1.05384
1.05284
1.0509
1.04984
1.05122
1.0557
1.06275
1.07107
1.07908
1.08551
1.0897
1.09153
1.09127
1.08929
1.0858
1.08078
1.07417
1.06599
1.05656
1.04659
1.0372
1.02963
1.02494
1.0235
1.02493
1.02827
1.03239
1.03652
1.04044
1.04428
1.04822
1.05218
1.05594
1.05939
1.06261
1.06561
1.06809
1.06952
1.0697
1.06899
1.06831
1.06875
1.07119
1.07579
1.08187
1.08805
1.09286
1.09537
1.09539
1.09315
1.08899
1.08376
1.0789
1.07533
1.07211
1.06699
1.05817
1.0455
1.0303
1.0148
1.00145
0.992633
0.990372
0.99571
1.00793
1.02446
1.0419
1.05742
1.06941
1.0773
1.08118
1.08137
1.07831
1.07246
1.06425
1.05397
1.04189
1.02852
1.01483
1.00218
0.992053
0.985646
0.983493
0.98545
0.990745
0.997968
1.00529
1.01113
1.01496
1.01754
1.02038
1.02499
1.03222
1.04191
1.05303
1.06415
1.07397
1.08168
1.08708
1.09057
1.09305
1.09567
1.09932
1.10414
1.10932
1.11337
1.11501
1.11391
1.11097
1.10773
1.10538
1.10405
1.1031
1.1019
1.10016
1.09791
1.09516
1.09178
1.08756
1.08235
1.07618
1.06915
1.06147
1.05333
1.04498
1.03678
1.02923
1.02302
1.01891
1.01738
1.0183
1.02076
1.0233
1.02438
1.02296
1.01896
1.01332
1.0077
1.00393
1.00329
1.00613
1.01172
1.01839
1.02402
1.02664
1.02502
1.01887
1.00895
0.997019
0.985401
0.976485
0.972194
0.973588
0.980624
0.992177
1.00632
1.0208
1.03359
1.04309
1.04819
1.0484
1.04365
1.03437
1.02165
1.0078
0.996976
0.994553
1.00425
1.02512
1.05205
1.07908
1.10178
1.11778
1.12644
1.12842
1.12544
1.11971
1.1131
1.10668
1.10072
1.09525
1.09031
1.0857
1.08063
1.07394
1.06469
1.05277
1.03912
1.02543
1.01391
1.00674
1.0054
1.00974
1.01799
1.02773
1.03696
1.0442
1.04822
1.04787
1.0422
1.03074
1.01369
0.992206
0.968596
0.946172
0.928421
0.918015
0.916244
0.922989
0.936843
0.955317
0.97521
0.993189
1.00641
1.01296
1.0121
1.00429
0.991081
0.974811
0.958243
0.944107
0.934731
0.931805
0.936231
0.947943
0.965879
0.988105
1.0121
1.03527
1.05535
1.07062
1.07996
1.08279
1.07924
1.07022
1.05751
1.04365
1.03142
1.02297
1.01913
1.01931
1.02208
1.02595
1.02979
1.03292
1.03488
1.0353
1.03387
1.03029
1.02442
1.01665
1.00807
1.00035
0.994854
0.992053
0.991684
0.993453
0.997372
1.00363
1.01229
1.02294
1.03438
1.0445
1.05086
1.05153
1.04586
1.03467
1.01998
1.00468
0.991805
0.983748
0.981516
0.98463
0.991739
1.00152
1.01296
1.02502
1.03621
1.04486
1.05015
1.05283
1.05501
1.05907
1.06654
1.07748
1.09053
1.1036
1.11482
1.12329
1.12934
1.13405
1.13815
1.14114
1.14128
1.13664
1.12618
1.11034
1.09091
1.07076
1.05308
1.04046
1.03392
1.03249
1.03352
1.03389
1.03133
1.02533
1.01729
1.00965
1.00429
1.00133
0.999485
0.997406
0.994854
0.992855
0.993022
0.996886
1.00554
1.01943
1.03821
1.06047
1.0838
1.10524
1.122
1.13212
1.13494
1.1313
1.12337
1.11397
1.10556
1.09932
1.09496
1.09124
1.08678
1.08062
1.07252
1.06292
1.05292
1.044
1.03737
1.0332
1.03023
1.02616
1.01864
1.006
0.987902
0.965542
0.941693
0.920277
0.905341
0.899681
0.903961
0.916807
0.935551
0.956977
0.977933
0.995784
1.00879
1.01634
1.0191
1.01881
1.01772
1.01777
1.01987
1.02377
1.02864
1.03402
1.04042
1.04898
1.06019
1.07255
1.0828
1.08743
1.08424
1.07296
1.05474
1.03135
1.00485
0.977452
0.951658
0.930227
0.915822
0.910359
0.914423
0.927055
0.946
0.968295
0.990975
1.01169
1.02908
1.04278
1.05331
1.06175
1.06912
1.07587
1.08158
1.08528
1.08604
1.08354
1.07822
1.07116
1.06389
1.05804
1.05493
1.05502
1.05771
1.06149
1.06443
1.06486
1.06192
1.05612
1.04924
1.04372
1.04135
1.0423
1.04531
1.04864
1.0512
1.05284
1.05425
1.05652
1.06074
1.06775
1.07781
1.09044
1.10433
1.11754
1.12782
1.13303
1.13141
1.12176
1.10357
1.07726
1.04431
1.00716
0.969034
0.933779
0.905565
0.888262
0.88445
0.894538
0.91664
0.947396
0.983089
1.02044
1.05669
1.08943
1.11644
1.13583
1.14627
1.14732
1.13955
1.12461
1.10502
1.08374
1.06348
1.04625
1.0334
1.02587
1.02432
1.02889
1.03875
1.05197
1.06592
1.078
1.08642
1.09056
1.09077
1.08787
1.08261
1.07545
1.06682
1.05779
1.0503
1.04647
1.04699
1.05056
1.05509
1.05897
1.06151
1.06254
1.062
1.05987
1.05635
1.05177
1.04649
1.04074
1.03468
1.02856
1.02281
1.01804
1.01492
1.01415
1.0164
1.02208
1.03125
1.04339
1.05741
1.07195
1.08563
1.09728
1.10604
1.11139
1.11295
1.11044
1.10378
1.09335
1.08021
1.0661
1.05309
1.04299
1.0366
1.03361
1.03294
1.03344
1.03455
1.0364
1.03947
1.044
1.04969
1.05573
1.06116
1.06512
1.067
1.06649
1.06355
1.0583
1.05096
1.04174
1.03087
1.0188
1.00654
0.99568
0.988221
0.986003
0.990109
1.00036
1.01511
1.03168
1.04712
1.05897
1.06574
1.06702
1.06359
1.05717
1.05011
1.04477
1.04282
1.04481
1.0502
1.05791
1.0669
1.07649
1.08622
1.0955
1.10351
1.10929
1.11194
1.11096
1.10645
1.09919
1.09048
1.08173
1.07404
1.06788
1.06317
1.05956
1.0567
1.05424
1.05175
1.04863
1.04419
1.03793
1.02992
1.02113
1.01315
1.00769
1.00602
1.00877
1.01578
1.02609
1.03803
1.04965
1.05919
1.06553
1.06827
1.0677
1.06444
1.05915
1.05239
1.04472
1.0372
1.03158
1.02981
1.0329
1.03999
1.04893
1.05748
1.06429
1.06891
1.07141
1.07208
1.07146
1.07048
1.07058
1.07329
1.07936
1.08799
1.09698
1.10366
1.10618
1.10412
1.09864
1.09185
1.08598
1.08236
1.0811
1.0815
1.08251
1.08306
1.08225
1.07966
1.07577
1.07204
1.07021
1.07117
1.0742
1.07751
1.07951
1.07956
1.07794
1.07541
1.07271
1.07023
1.06795
1.06557
