5.05527
4.98006
4.85881
4.69732
4.50707
4.31076
4.1445
4.03776
3.98622
3.96482
3.9561
3.95111
3.94042
3.91736
3.88671
3.86253
3.85112
3.84598
3.84586
3.86212
3.90554
3.97214
4.0432
4.09908
4.13117
4.1417
4.13813
4.12825
4.11668
4.10156
4.07492
4.02942
3.96562
3.89451
3.83457
3.80558
3.82026
3.8769
3.95781
4.03793
4.09737
4.12748
4.12645
4.09154
4.02015
3.91894
3.80715
3.70833
3.64197
3.62178
3.64759
3.70021
3.76298
3.8341
3.90876
3.96943
4.00309
4.01519
4.0199
4.02365
4.02347
4.01615
4.004
3.9921
3.98456
3.98541
3.99821
4.02106
4.04486
4.05891
4.05814
4.04566
4.03136
4.02559
4.02967
4.03335
4.02523
4.00517
3.98582
3.98258
4.00044
4.02998
4.05599
4.06793
4.06464
4.05498
4.05519
4.08275
4.15146
4.25558
4.35997
4.43
4.4541
4.43791
4.39591
4.34399
4.28653
4.21152
4.10348
3.95786
3.78523
3.60985
3.46735
3.39998
3.43788
3.57123
3.74786
3.90715
4.01286
4.0609
4.07009
4.06601
4.06372
4.06264
4.05757
4.04758
4.0317
4.00302
3.95559
3.9008
3.86502
3.8579
3.8613
3.85626
3.83681
3.80074
3.74322
3.66632
3.5931
3.55517
3.56551
3.62195
3.7162
3.82843
3.93265
4.01308
4.07004
4.10934
4.13301
4.13976
4.12804
4.09909
4.05882
4.01637
3.98069
3.95655
3.94104
3.92308
3.89096
3.8456
3.80687
3.79845
3.82118
3.85189
3.86814
3.86565
3.85858
3.86811
3.903
3.95177
3.99641
4.02478
4.03116
4.0136
3.97453
3.92377
3.87712
3.84635
3.82879
3.80931
3.77433
3.72949
3.70223
3.7117
3.75141
3.81204
3.8896
3.97459
4.04634
4.08014
4.06454
4.01491
3.96524
3.94348
3.95629
3.98981
4.02319
4.04554
4.05666
4.05852
4.052
4.0382
4.01993
4.00268
3.99426
4.00146
4.02593
4.06398
4.11052
4.16122
4.21017
4.24808
4.26533
4.25674
4.22244
4.16474
4.08433
3.98026
3.85575
3.727
3.62626
3.59019
3.63676
3.75412
3.90977
4.066
4.19167
4.26793
4.2894
4.26393
4.21165
4.1593
4.12958
4.13419
4.17358
4.23811
4.31066
4.37207
4.40599
4.40022
4.34869
4.25519
4.13701
4.02231
3.93804
3.89648
3.89288
3.91517
3.95147
3.99009
4.02001
4.03462
4.03319
4.01959
4.00081
3.98463
3.97759
3.98579
4.01378
4.0601
4.1131
4.15237
4.15729
4.11541
4.02458
3.89229
3.73661
3.58609
3.47199
3.41179
3.40149
3.42605
3.47265
3.5355
3.6115
3.69248
3.76341
3.80759
3.81579
3.79688
3.78013
3.79277
3.83038
3.86313
3.86334
3.81713
3.72545
3.61045
3.51857
3.49727
3.55958
3.67746
3.804
3.89809
3.93889
3.9308
3.88908
3.81191
3.68953
3.53527
3.39166
3.31878
3.36628
3.52769
3.74222
3.94814
4.11184
4.22561
4.293
4.3176
4.30042
4.24362
4.15678
4.05905
3.9699
3.89462
3.82499
3.75737
3.70419
3.68627
3.71698
3.7928
3.89286
3.98721
4.05221
4.08183
4.08627
4.07903
4.06319
4.03027
3.97161
3.89076
3.80661
3.74484
3.7226
3.73995
3.78585
3.847
3.90917
3.95722
3.98003
3.97503
3.94872
3.91144
3.87382
3.85066
3.85976
3.90518
3.96762
4.02185
4.05602
4.07053
4.06846
4.05226
4.02586
3.99568
3.9682
3.9455
3.92322
3.89343
3.84989
3.7917
3.72456
3.65904
3.60555
3.57103
3.55852
3.56643
3.58834
3.61705
3.64986
3.68793
3.73002
3.76866
3.79512
3.80964
3.82394
3.85137
3.89491
3.94574
3.99065
4.01935
4.02884
4.02431
4.01576
4.01135
4.01262
4.01469
4.01055
3.99582
3.97162
3.94378
3.91723
3.89069
3.85724
3.80917
3.74433
3.6722
3.6149
3.59674
3.62607
3.68783
3.75977
3.83634
3.92776
4.03275
4.12836
4.18872
4.20074
4.1658
4.09651
4.01254
3.93319
3.86913
3.82562
3.81095
3.83131
3.87894
3.92948
3.95347
3.93383
3.87589
3.80218
3.73961
3.70882
3.71419
3.74516
3.7884
3.83553
3.88216
3.92261
3.9482
3.95243
3.93541
3.90344
3.86552
3.82916
3.79906
3.78072
3.78224
3.80607
3.83912
3.85756
3.84462
3.80454
3.76373
3.75452
3.78958
3.85472
3.924
3.97686
4.00642
4.01838
4.02351
4.02836
4.03062
4.02341
4.0053
3.98419
3.96841
3.96053
3.96256
3.97708
4.00345
4.03811
4.07563
4.10773
4.12468
4.11921
4.08899
4.03528
3.96068
3.87038
3.77868
3.71226
3.69666
3.73367
3.79993
3.86918
3.92665
3.9629
3.96835
3.94196
3.89933
3.86626
3.85994
3.8754
3.89243
3.8936
3.8745
3.84277
3.8113
3.78998
3.78326
3.79029
3.80245
3.80568
3.79017
3.75965
3.73411
3.73541
3.76022
3.7794
3.77048
3.74011
3.7139
3.70543
3.7086
3.71492
3.71797
3.71094
3.69166
3.6716
3.68076
3.74425
3.84485
3.94087
4.00823
4.04812
4.07229
4.0885
4.09751
4.09879
4.09353
4.08214
4.06366
4.03888
4.01094
3.9809
3.94531
3.89951
3.84555
3.8004
3.78945
3.82474
3.89158
3.95782
3.99377
3.98731
3.94809
3.89822
3.85238
3.80977
3.76877
3.73747
3.7295
3.75837
3.83056
3.93206
4.02961
4.0946
4.12004
4.11741
4.10481
4.09657
4.09965
4.11466
4.13718
4.15852
4.1697
4.16673
4.15201
4.13148
4.11042
4.09031
4.06809
4.03965
4.00465
3.96689
3.93175
3.90358
3.88394
3.87099
3.86222
3.85867
3.86583
3.88926
3.92774
3.9718
4.01108
4.04263
4.07123
4.10095
4.13003
4.15278
4.16341
4.16009
4.14854
4.14028
4.14377
4.15648
4.1663
4.1594
4.12802
4.07831
4.03187
4.00951
4.01312
4.03205
4.05403
4.06455
4.04726
3.99173
3.9015
3.79534
3.69933
3.63555
3.61371
3.62981
3.66962
3.71503
3.75178
3.77533
3.79089
3.80673
3.82589
3.84651
3.86865
3.89429
3.9206
3.94053
3.95375
3.97012
3.99734
4.02842
4.04646
4.03908
4.00654
3.96444
3.93686
3.93504
3.94559
3.94685
3.92641
3.88409
3.8281
3.7705
3.72473
3.703
3.71478
3.76625
3.85053
3.94092
4.00738
4.03797
4.03669
4.01103
3.97406
3.94883
3.95425
3.98926
4.03615
4.07488
4.09124
4.07741
4.0336
3.97232
3.91575
3.88218
3.87326
3.87462
3.86746
3.84157
3.80483
3.78188
3.79277
3.83289
3.88251
3.92377
3.94629
3.95345
3.9652
4.00515
4.07761
4.162
4.23109
4.2672
4.26357
4.21946
4.1374
4.02344
3.89004
3.75956
3.66139
3.61901
3.63696
3.70058
3.78651
3.87324
3.94675
4.00136
4.03797
4.06201
4.07926
4.09016
4.08867
4.06946
4.03768
4.00771
3.98859
3.97509
3.95768
3.93499
3.91223
3.89183
3.86981
3.84118
3.80584
3.76945
3.74115
3.73228
3.75467
3.81123
3.88324
3.93535
3.93898
3.88982
3.80993
3.73611
3.69858
3.70355
3.73557
3.77396
3.80497
3.82517
3.84208
3.87049
3.91763
3.97382
4.02374
4.05718
4.07092
4.06941
4.06204
4.05684
4.05532
4.05324
4.04561
4.03144
4.01383
3.99555
3.97423
3.94456
3.90848
3.88196
3.88554
3.92557
3.98824
4.05165
4.09945
4.12343
4.11932
4.08478
4.02193
3.94065
3.85726
3.78564
3.7286
3.68066
3.64051
3.61907
3.63311
3.68905
3.7759
3.87747
3.9819
4.07224
4.12609
4.13337
4.10408
4.05659
4.0047
3.95758
3.92639
3.92366
3.95398
4.00833
4.06797
4.11238
4.12502
4.09634
4.02546
3.92162
3.80436
3.70033
3.63517
3.6219
3.65419
3.71375
3.78522
3.86203
3.94093
4.01542
4.07545
4.10977
4.10784
4.06426
3.98711
3.90147
3.83416
3.79018
3.75195
3.70224
3.6449
3.60652
3.61499
3.66586
3.72559
3.76804
3.78697
3.78855
3.78572
3.79155
3.81073
3.83813
3.8658
3.88851
3.90336
3.90859
3.90479
3.89547
3.88388
3.86969
3.85121
3.83078
3.81757
3.8251
3.8624
3.92322
3.98731
4.03452
4.05699
4.06397
4.07475
4.09717
4.12054
4.13385
4.13273
4.11226
4.07041
4.02107
3.99089
3.99471
4.025
4.06366
4.0955
4.11455
4.12101
4.11543
4.09651
4.06155
4.00939
3.94409
3.87854
3.83291
3.82373
3.85148
3.89719
3.93243
3.93611
3.90596
3.86042
3.82659
3.8145
3.80503
3.7708
3.70977
3.65874
3.65903
3.70407
3.75591
3.79018
3.80584
3.81654
3.83641
3.86695
3.89614
3.91118
3.9141
3.9229
3.94812
3.97945
4.00455
4.02451
4.04796
4.08038
4.11991
4.15763
4.17849
4.16887
4.13549
4.10529
4.08787
4.0748
4.06256
4.03952
3.9858
3.89644
3.79179
3.70741
3.67213
3.69664
3.77886
3.90659
4.05697
4.20073
4.31032
4.36678
4.36187
4.29796
4.18916
4.06215
3.95072
3.88183
3.86246
3.87903
3.90823
3.92877
3.92892
3.9077
3.8729
3.84091
3.83136
3.85045
3.8829
3.90924
3.92308
3.9299
3.94241
3.97403
4.01947
4.05322
4.0575
4.03471
3.99869
3.96609
3.95055
3.95497
3.97021
3.98521
3.99654
4.01001
4.03558
4.07706
4.12323
4.15116
4.14371
4.10674
4.06459
4.03533
4.01506
3.9883
3.94609
3.89435
3.85137
3.83717
3.85757
3.89866
3.94
3.96836
3.98182
3.98715
3.99192
3.99694
3.99594
3.98224
3.95627
3.92817
3.91146
3.91195
3.92505
3.94313
3.96108
3.97532
3.98165
3.97424
3.94711
3.90142
3.85145
3.81273
3.78503
3.75959
3.7342
3.71254
3.69788
3.69047
3.68721
3.68236
3.67181
3.65782
3.64894
3.65629
3.68781
3.74205
3.80633
3.86216
3.89397
3.89643
3.87658
3.84892
3.8254
3.80794
3.79034
3.76938
3.75422
3.75965
3.7887
3.82803
3.85784
3.86517
