3.37018
3.32004
3.2392
3.13155
3.00472
2.87384
2.763
2.69184
2.65748
2.64321
2.6374
2.63407
2.62695
2.61157
2.59114
2.57502
2.56741
2.56399
2.56391
2.57475
2.60369
2.6481
2.69546
2.73272
2.75411
2.76114
2.75875
2.75217
2.74446
2.73437
2.71661
2.68628
2.64375
2.59634
2.55638
2.53705
2.54684
2.5846
2.63854
2.69195
2.73158
2.75166
2.75097
2.72769
2.6801
2.61263
2.5381
2.47222
2.42798
2.41452
2.43173
2.46681
2.50865
2.55607
2.60584
2.64629
2.66873
2.6768
2.67993
2.68243
2.68231
2.67743
2.66934
2.6614
2.65637
2.65694
2.66547
2.68071
2.69658
2.70594
2.70542
2.69711
2.68757
2.68373
2.68644
2.6889
2.68349
2.67011
2.65721
2.65506
2.66696
2.68665
2.70399
2.71195
2.70976
2.70332
2.70346
2.72184
2.76764
2.83706
2.90665
2.95333
2.9694
2.9586
2.9306
2.896
2.85769
2.80768
2.73566
2.63858
2.52349
2.40656
2.31157
2.26666
2.29192
2.38082
2.49857
2.60477
2.67524
2.70727
2.71339
2.71067
2.70915
2.70842
2.70505
2.69839
2.6878
2.66868
2.63706
2.60053
2.57668
2.57194
2.5742
2.57084
2.55787
2.53383
2.49548
2.44421
2.3954
2.37011
2.377
2.41463
2.47746
2.55229
2.62177
2.67538
2.71336
2.73956
2.75534
2.75984
2.75202
2.73273
2.70588
2.67758
2.65379
2.6377
2.62736
2.61539
2.59398
2.56373
2.53791
2.5323
2.54745
2.56793
2.57876
2.5771
2.57238
2.57874
2.602
2.63451
2.66427
2.68319
2.68744
2.67574
2.64968
2.61585
2.58475
2.56423
2.55253
2.53954
2.51622
2.48633
2.46816
2.47446
2.50094
2.54136
2.59307
2.64973
2.69756
2.72009
2.7097
2.6766
2.64349
2.62899
2.63753
2.65988
2.68213
2.69703
2.70444
2.70568
2.70133
2.69213
2.67996
2.66846
2.66284
2.66764
2.68395
2.70932
2.74035
2.77415
2.80678
2.83205
2.84356
2.83783
2.81496
2.77649
2.72289
2.65351
2.5705
2.48466
2.41751
2.39346
2.42451
2.50275
2.60652
2.71067
2.79444
2.84528
2.8596
2.84262
2.80777
2.77286
2.75305
2.75613
2.78239
2.82541
2.87377
2.91471
2.93732
2.93348
2.89912
2.83679
2.75801
2.68154
2.62536
2.59765
2.59525
2.61012
2.63431
2.66006
2.68001
2.68975
2.68879
2.67972
2.66721
2.65642
2.65173
2.65719
2.67586
2.70673
2.74207
2.76825
2.77152
2.74361
2.68305
2.59486
2.49107
2.39073
2.31466
2.27453
2.26766
2.28404
2.3151
2.357
2.40767
2.46165
2.50894
2.5384
2.54386
2.53125
2.52008
2.52851
2.55359
2.57542
2.57556
2.54475
2.48363
2.40697
2.34571
2.33151
2.37305
2.45164
2.536
2.59873
2.62592
2.62053
2.59272
2.54128
2.45968
2.35685
2.26111
2.21252
2.24419
2.35179
2.49481
2.63209
2.74123
2.81707
2.862
2.8784
2.86695
2.82908
2.77119
2.70603
2.6466
2.59641
2.54999
2.50491
2.46946
2.45751
2.47798
2.52853
2.59524
2.65814
2.70147
2.72122
2.72418
2.71935
2.7088
2.68685
2.64774
2.59384
2.53774
2.49656
2.48173
2.4933
2.5239
2.56467
2.60611
2.63815
2.65335
2.65002
2.63248
2.60763
2.58255
2.56711
2.57317
2.60345
2.64508
2.68123
2.70401
2.71369
2.7123
2.70151
2.6839
2.66379
2.64547
2.63033
2.61548
2.59562
2.56659
2.5278
2.48304
2.43936
2.4037
2.38069
2.37234
2.37762
2.39222
2.41137
2.43324
2.45862
2.48668
2.51244
2.53008
2.53976
2.5493
2.56758
2.5966
2.6305
2.66044
2.67957
2.6859
2.68287
2.67717
2.67423
2.67508
2.67646
2.6737
2.66388
2.64774
2.62919
2.61149
2.59379
2.57149
2.53945
2.49622
2.44813
2.40993
2.39783
2.41738
2.45855
2.50651
2.55756
2.61851
2.6885
2.75224
2.79248
2.80049
2.7772
2.731
2.67502
2.62213
2.57942
2.55042
2.54063
2.55421
2.58596
2.61965
2.63564
2.62256
2.58393
2.53479
2.49308
2.47255
2.47613
2.49677
2.5256
2.55702
2.58811
2.61507
2.63213
2.63495
2.62361
2.6023
2.57701
2.55277
2.5327
2.52048
2.52149
2.53738
2.55941
2.57171
2.56308
2.53636
2.50916
2.50302
2.52638
2.56981
2.616
2.65124
2.67094
2.67892
2.68234
2.68558
2.68708
2.68227
2.6702
2.65613
2.6456
2.64035
2.64171
2.65139
2.66896
2.69207
2.71709
2.73849
2.74979
2.74614
2.72599
2.69019
2.64046
2.58025
2.51912
2.47484
2.46444
2.48911
2.53329
2.57945
2.61776
2.64193
2.64557
2.62798
2.59955
2.57751
2.57329
2.5836
2.59495
2.59573
2.583
2.56185
2.54086
2.52665
2.52218
2.52686
2.53497
2.53712
2.52678
2.50643
2.48941
2.49027
2.50682
2.5196
2.51365
2.49341
2.47593
2.47029
2.4724
2.47661
2.47864
2.47396
2.46111
2.44773
2.45384
2.49617
2.56323
2.62724
2.67215
2.69875
2.71486
2.72567
2.73167
2.73253
2.72902
2.72143
2.70911
2.69258
2.67396
2.65393
2.6302
2.59967
2.5637
2.5336
2.5263
2.54982
2.59439
2.63855
2.66251
2.65821
2.63206
2.59881
2.56826
2.53985
2.51251
2.49165
2.48633
2.50558
2.55371
2.62137
2.68641
2.72974
2.74669
2.74494
2.73654
2.73105
2.7331
2.74311
2.75812
2.77235
2.7798
2.77782
2.768
2.75432
2.74028
2.72688
2.71206
2.6931
2.66977
2.6446
2.62116
2.60239
2.5893
2.58066
2.57482
2.57245
2.57722
2.59284
2.61849
2.64787
2.67405
2.69509
2.71415
2.73397
2.75335
2.76852
2.77561
2.7734
2.76569
2.76019
2.76251
2.77098
2.77754
2.77293
2.75202
2.71888
2.68791
2.67301
2.67541
2.68803
2.70269
2.7097
2.69818
2.66115
2.601
2.53022
2.46622
2.4237
2.40914
2.41987
2.44641
2.47669
2.50119
2.51688
2.52726
2.53782
2.5506
2.56434
2.5791
2.59619
2.61373
2.62702
2.63584
2.64675
2.6649
2.68561
2.69764
2.69272
2.67103
2.64296
2.62457
2.62336
2.6304
2.63123
2.6176
2.5894
2.55207
2.51366
2.48316
2.46867
2.47652
2.51083
2.56702
2.62728
2.67159
2.69198
2.69113
2.67402
2.64937
2.63255
2.63617
2.65951
2.69077
2.71659
2.72749
2.71827
2.68907
2.64822
2.6105
2.58812
2.58218
2.58308
2.57831
2.56105
2.53655
2.52125
2.52851
2.55526
2.58834
2.61584
2.63086
2.63564
2.64347
2.6701
2.71841
2.77466
2.82073
2.8448
2.84238
2.81297
2.75827
2.68229
2.59336
2.50637
2.44092
2.41267
2.42464
2.46705
2.52434
2.58216
2.63117
2.66758
2.69198
2.70801
2.71951
2.72678
2.72578
2.71297
2.69179
2.6718
2.65906
2.65006
2.63845
2.62332
2.60815
2.59456
2.57988
2.56078
2.53722
2.51297
2.4941
2.48819
2.50311
2.54082
2.58882
2.62357
2.62598
2.59322
2.53995
2.49074
2.46572
2.46903
2.49038
2.51597
2.53665
2.55012
2.56138
2.58033
2.61176
2.64921
2.68249
2.70478
2.71395
2.71294
2.70803
2.70456
2.70355
2.70216
2.69707
2.68763
2.67589
2.6637
2.64949
2.62971
2.60565
2.58797
2.59036
2.61705
2.65883
2.7011
2.73297
2.74895
2.74621
2.72319
2.68128
2.6271
2.5715
2.52376
2.48574
2.45378
2.42701
2.41272
2.42207
2.45936
2.51727
2.58498
2.6546
2.71483
2.75073
2.75558
2.73606
2.70439
2.6698
2.63838
2.61759
2.61577
2.63599
2.67222
2.71198
2.74159
2.75001
2.73089
2.68364
2.61441
2.53624
2.46689
2.42345
2.4146
2.43613
2.47584
2.52348
2.57469
2.62728
2.67695
2.71697
2.73985
2.73856
2.7095
2.65808
2.60098
2.55611
2.52679
2.5013
2.46816
2.42993
2.40435
2.40999
2.44391
2.48373
2.51203
2.52465
2.5257
2.52381
2.5277
2.54049
2.55875
2.5772
2.59234
2.60224
2.60572
2.6032
2.59698
2.58925
2.57979
2.56747
2.55385
2.54505
2.55007
2.57493
2.61548
2.6582
2.68968
2.70466
2.70931
2.7165
2.73145
2.74703
2.7559
2.75516
2.7415
2.71361
2.68072
2.66059
2.66314
2.68333
2.70911
2.73033
2.74304
2.74734
2.74362
2.73101
2.7077
2.67293
2.62939
2.5857
2.55527
2.54915
2.56765
2.59813
2.62162
2.62407
2.60397
2.57362
2.55106
2.543
2.53669
2.51387
2.47318
2.43916
2.43936
2.46938
2.50394
2.52679
2.53723
2.54436
2.55761
2.57796
2.59743
2.60745
2.6094
2.61527
2.63208
2.65297
2.6697
2.683
2.69864
2.72026
2.74661
2.77175
2.78566
2.77925
2.75699
2.73686
2.72525
2.71653
2.70838
2.69301
2.6572
2.59763
2.52786
2.47161
2.44808
2.46443
2.51924
2.60439
2.70464
2.80049
2.87355
2.91119
2.90791
2.86531
2.79277
2.7081
2.63381
2.58789
2.57497
2.58602
2.60549
2.61918
2.61928
2.60513
2.58194
2.56061
2.55424
2.56697
2.5886
2.60616
2.61539
2.61993
2.62827
2.64936
2.67965
2.70215
2.705
2.68981
2.6658
2.64406
2.6337
2.63665
2.64681
2.6568
2.66436
2.67334
2.69039
2.71804
2.74882
2.76744
2.76247
2.73782
2.70973
2.69022
2.67671
2.65886
2.63073
2.59624
2.56758
2.55812
2.57171
2.59911
2.62667
2.64557
2.65455
2.6581
2.66128
2.66463
2.66396
2.65483
2.63751
2.61878
2.60764
2.60796
2.6167
2.62876
2.64072
2.65021
2.65443
2.64949
2.6314
2.60095
2.56763
2.54182
2.52335
2.50639
2.48946
2.47502
2.46525
2.46031
2.45814
2.45491
2.44787
2.43854
2.43263
2.43752
2.45854
2.4947
2.53755
2.57477
2.59598
2.59762
2.58439
2.56594
2.55026
2.53863
2.5269
2.51292
2.50282
2.50644
2.5258
2.55202
2.5719
2.57678
