2.11002
2.15529
2.23859
2.34665
2.45862
2.55655
2.62973
2.67401
2.69111
2.68874
2.67928
2.67428
2.67802
2.68664
2.69312
2.6924
2.68257
2.66303
2.63344
2.59602
2.55825
2.53251
2.53098
2.55811
2.60715
2.6649
2.71935
2.76374
2.79582
2.81565
2.82381
2.82073
2.80703
2.78436
2.75623
2.72806
2.70546
2.69167
2.68657
2.6883
2.69583
2.7101
2.73223
2.76027
2.78754
2.80371
2.79724
2.75812
2.68467
2.59883
2.54914
2.56418
2.62099
2.68313
2.72851
2.74862
2.74377
2.72012
2.68846
2.66007
2.63803
2.61666
2.59256
2.56997
2.55526
2.55039
2.55242
2.55722
2.56262
2.56995
2.58457
2.61318
2.65843
2.71748
2.78425
2.85058
2.90618
2.94028
2.9449
2.91885
2.8701
2.81407
2.76705
2.73892
2.72979
2.73248
2.73862
2.74285
2.74316
2.73907
2.73032
2.71666
2.69899
2.68051
2.66556
2.6584
2.66464
2.68815
2.72304
2.75348
2.76372
2.74698
2.70731
2.65684
2.61021
2.57808
2.56217
2.5553
2.54762
2.53613
2.53014
2.54214
2.57238
2.60903
2.63916
2.6567
2.66544
2.67588
2.69631
2.72579
2.75588
2.77839
2.79081
2.7956
2.79528
2.78888
2.77267
2.74326
2.69989
2.64532
2.5855
2.5285
2.48288
2.45517
2.44807
2.462
2.4982
2.5553
2.62336
2.68742
2.73642
2.76727
2.78353
2.79297
2.80402
2.82137
2.84292
2.86082
2.8658
2.85217
2.82228
2.78829
2.76733
2.76946
2.79054
2.81911
2.84716
2.87303
2.89724
2.91787
2.9283
2.91959
2.88728
2.83693
2.78208
2.73534
2.70121
2.67695
2.65814
2.64243
2.62837
2.61183
2.58739
2.55817
2.53919
2.5401
2.55176
2.56012
2.56176
2.56206
2.56726
2.58014
2.6
2.62431
2.65024
2.67564
2.69901
2.71919
2.73437
2.74109
2.73456
2.71127
2.67208
2.62299
2.57335
2.53385
2.51499
2.52402
2.559
2.60646
2.64865
2.6723
2.67244
2.65496
2.63877
2.64614
2.68043
2.72427
2.76073
2.78315
2.79087
2.78473
2.76693
2.74254
2.72039
2.71091
2.72072
2.74763
2.78078
2.80607
2.81198
2.79185
2.74468
2.67728
2.60663
2.55614
2.54156
2.55882
2.58963
2.6163
2.63006
2.63148
2.6268
2.6225
2.62
2.61381
2.59583
2.56492
2.53473
2.52551
2.54221
2.57117
2.59766
2.61537
2.62432
2.62913
2.63865
2.66027
2.69173
2.72431
2.75238
2.775
2.7925
2.80426
2.8085
2.80392
2.791
2.77156
2.74863
2.72666
2.71059
2.70335
2.70427
2.7102
2.7178
2.72437
2.72725
2.72444
2.71523
2.69849
2.67127
2.6311
2.57963
2.5224
2.4673
2.42375
2.40253
2.41319
2.45772
2.52599
2.60013
2.66369
2.70706
2.72715
2.72501
2.70466
2.67312
2.63949
2.61238
2.597
2.59396
2.60041
2.61212
2.62544
2.63911
2.65501
2.676
2.70136
2.72553
2.74298
2.75436
2.76713
2.78955
2.82301
2.8598
2.88757
2.89582
2.87962
2.84143
2.79167
2.74533
2.7137
2.69735
2.68705
2.67259
2.65187
2.63305
2.62898
2.64827
2.68932
2.74155
2.7926
2.83448
2.86495
2.88486
2.8951
2.89471
2.88102
2.85104
2.80334
2.73978
2.66669
2.5952
2.53907
2.50927
2.50932
2.53459
2.57533
2.62046
2.66106
2.69264
2.71603
2.73553
2.75536
2.77653
2.79657
2.81148
2.81738
2.81114
2.79022
2.75349
2.70344
2.64888
2.60375
2.5797
2.57894
2.59545
2.62102
2.64939
2.6774
2.70393
2.72818
2.74867
2.7635
2.77087
2.76998
2.76253
2.75385
2.75201
2.76398
2.79015
2.82229
2.84849
2.85987
2.85379
2.83313
2.8038
2.77186
2.74134
2.71339
2.68739
2.66295
2.64137
2.6251
2.61582
2.61274
2.61268
2.61203
2.60912
2.60601
2.60819
2.62197
2.65032
2.69014
2.73337
2.77073
2.79491
2.80209
2.79244
2.76984
2.74027
2.7096
2.6818
2.65867
2.64034
2.6262
2.61544
2.60693
2.59865
2.58782
2.57174
2.54906
2.52071
2.49018
2.46345
2.44757
2.44814
2.46617
2.4971
2.53317
2.56645
2.59064
2.60205
2.60063
2.59006
2.57694
2.56874
2.57099
2.58429
2.60397
2.62365
2.64002
2.655
2.67326
2.69708
2.72333
2.7455
2.75836
2.7603
2.75211
2.73424
2.70585
2.66873
2.63269
2.61092
2.60609
2.60646
2.59547
2.5624
2.50871
2.44918
2.40576
2.39489
2.41723
2.45907
2.50251
2.53346
2.54344
2.5292
2.49319
2.44444
2.39757
2.36913
2.37236
2.41256
2.48564
2.58093
2.68553
2.78677
2.8735
2.93905
2.98317
3.01001
3.02353
3.02423
3.00958
2.97737
2.92916
2.8713
2.81245
2.75996
2.71801
2.68918
2.67659
2.68358
2.70964
2.74677
2.78203
2.80583
2.81689
2.81922
2.81728
2.81431
2.81138
2.80766
2.80257
2.79715
2.7927
2.78834
2.78067
2.7665
2.74534
2.71913
2.69095
2.66436
2.64275
2.62795
2.6193
2.61438
2.61099
2.60876
2.60895
2.61273
2.61935
2.62598
2.62895
2.62565
2.61618
2.60417
2.59578
2.59562
2.60232
2.60919
2.61013
2.60398
2.59357
2.58226
2.57322
2.57182
2.5837
2.60781
2.63644
2.66198
2.68001
2.68851
2.68731
2.67803
2.66413
2.65001
2.6393
2.63373
2.63264
2.63319
2.63116
2.62301
2.60943
2.5977
2.59868
2.61903
2.65488
2.69408
2.72435
2.73935
2.73956
2.73023
2.7182
2.70868
2.70376
2.70345
2.70785
2.71769
2.73337
2.7536
2.77486
2.79256
2.80357
2.80801
2.80877
2.8094
2.81204
2.81683
2.82272
2.82797
2.83018
2.82757
2.8225
2.82335
2.83903
2.86952
2.90454
2.93137
2.94158
2.9323
2.90479
2.86315
2.81328
2.76177
2.71504
2.67866
2.65674
2.6504
2.65663
2.66895
2.68045
2.68692
2.68876
2.69044
2.69792
2.71472
2.73807
2.75989
2.77508
2.78836
2.80392
2.81203
2.7995
2.76452
2.71601
2.66727
2.63182
2.61858
2.62666
2.64674
2.66857
2.68595
2.69666
2.7013
2.70265
2.70496
2.71282
2.7293
2.75472
2.78594
2.816
2.83534
2.83609
2.81715
2.78614
2.75609
2.73834
2.73644
2.74497
2.75357
2.75375
2.74353
2.72695
2.71028
2.69802
2.69152
2.68976
2.69124
2.69543
2.70272
2.71337
2.72623
2.73884
2.74856
2.75398
2.75486
2.75063
2.73964
2.72048
2.69432
2.66611
2.64319
2.63274
2.63928
2.66315
2.7003
2.74364
2.78506
2.81745
2.83641
2.84066
2.83065
2.80764
2.77439
2.73616
2.69904
2.66623
2.63642
2.60657
2.57616
2.54922
2.53224
2.52966
2.54061
2.55987
2.5818
2.6034
2.62434
2.64493
2.66408
2.67882
2.68519
2.67987
2.66191
2.63365
2.60038
2.56986
2.55089
2.54952
2.56448
2.58866
2.6162
2.64748
2.68699
2.73725
2.79458
2.85002
2.89327
2.91615
2.91426
2.88741
2.84047
2.78401
2.73107
2.68886
2.65386
2.61747
2.57419
2.52456
2.47511
2.43686
2.42019
2.42816
2.45718
2.50319
2.56267
2.62911
2.69253
2.74268
2.77214
2.77783
2.76106
2.72669
2.68188
2.63581
2.60009
2.58492
2.59068
2.60783
2.6273
2.64781
2.67391
2.70954
2.75381
2.80049
2.84
2.86275
2.86323
2.84243
2.80728
2.7686
2.73834
2.72661
2.73729
2.76497
2.79842
2.82657
2.84338
2.84941
2.85007
2.85073
2.85269
2.85331
2.84911
2.83814
2.82093
2.80063
2.7819
2.76764
2.75629
2.74325
2.72499
2.70168
2.67665
2.65426
2.63766
2.62712
2.61928
2.60984
2.59666
2.5811
2.56827
2.56645
2.58225
2.6128
2.64489
2.66345
2.65979
2.63385
2.59199
2.54353
2.49788
2.46263
2.44265
2.44041
2.45688
2.49048
2.53492
2.58023
2.61769
2.64387
2.66122
2.67524
2.69041
2.7074
2.72319
2.73415
2.73873
2.73747
2.73054
2.71573
2.68938
2.64952
2.59825
2.54183
2.48984
2.45439
2.44593
2.46584
2.506
2.55692
2.61363
2.67472
2.7381
2.79784
2.8447
2.86989
2.86974
2.84823
2.81627
2.78577
2.76184
2.7418
2.72085
2.69735
2.67491
2.66208
2.66756
2.69291
2.7305
2.76806
2.79367
2.79892
2.78175
2.74848
2.71203
2.68461
2.67056
2.66666
2.66739
2.66817
2.66567
2.65756
2.64416
2.62948
2.61827
2.61
2.59861
2.57933
2.55364
2.52875
2.51454
2.51979
2.54764
2.59168
2.6388
2.67656
2.69793
2.70219
2.69415
2.6823
2.67536
2.6781
2.68924
2.70272
2.71106
2.70894
2.69552
2.67433
2.6517
2.63486
2.62962
2.63752
2.65443
2.67197
2.68081
2.67419
2.6506
2.61438
2.57396
2.53824
2.51358
2.50286
2.5063
2.52136
2.54197
2.56008
2.56952
2.56976
2.56631
2.56709
2.57751
2.59774
2.62397
2.65144
2.67673
2.69768
2.71278
2.7212
2.72288
2.71812
2.70717
2.69034
2.66874
2.64503
2.6235
2.60925
2.60562
2.61132
2.62051
2.62597
2.62277
2.61016
2.5913
2.57171
2.55793
2.55599
2.56916
2.59635
2.63316
2.67444
2.7154
2.75119
2.77647
2.78621
2.77718
2.74949
2.70727
2.65811
2.61034
2.56938
2.53614
2.5086
2.48541
2.46855
2.46303
2.47306
2.49787
2.5314
2.56602
2.5966
2.62107
2.6386
2.64864
2.65204
2.6524
2.65533
2.66446
2.67789
2.68912
2.69189
2.68427
2.66934
2.65338
2.64331
2.64487
2.66146
2.69317
2.73636
2.78443
2.82921
2.86303
2.88032
2.87858
2.85868
2.82458
2.78263
2.74032
2.70384
2.6759
2.65534
2.63922
2.62565
2.61527
2.61111
2.61696
2.63517
2.66525
2.70396
2.74698
2.79097
2.83318
2.86819
2.8884
2.89057
2.88023
2.86767
2.86089
2.86154
2.86617
2.86947
2.86606
2.85074
2.81927
2.7719
2.71819
2.67634
