1.40668
1.43686
1.4924
1.56443
1.63908
1.70437
1.75315
1.78267
1.79407
1.79249
1.78619
1.78286
1.78535
1.79109
1.79541
1.79493
1.78838
1.77535
1.75562
1.73068
1.7055
1.68834
1.68732
1.70541
1.7381
1.7766
1.8129
1.84249
1.86388
1.8771
1.88254
1.88048
1.87135
1.85624
1.83749
1.81871
1.80364
1.79445
1.79105
1.7922
1.79722
1.80673
1.82149
1.84018
1.85836
1.86914
1.86483
1.83875
1.78978
1.73255
1.69943
1.70946
1.74733
1.78875
1.81901
1.83242
1.82918
1.81341
1.79231
1.77338
1.75869
1.74444
1.72837
1.71331
1.70351
1.70026
1.70161
1.70481
1.70841
1.7133
1.72305
1.74212
1.77229
1.81165
1.85617
1.90039
1.93745
1.96019
1.96327
1.9459
1.9134
1.87605
1.8447
1.82595
1.81986
1.82165
1.82574
1.82857
1.82877
1.82605
1.82021
1.81111
1.79933
1.78701
1.77704
1.77227
1.77643
1.7921
1.81536
1.83566
1.84248
1.83132
1.80488
1.77122
1.74014
1.71872
1.70811
1.70354
1.69841
1.69075
1.68676
1.69476
1.71492
1.73936
1.75944
1.77113
1.77696
1.78392
1.79754
1.81719
1.83725
1.85226
1.86054
1.86373
1.86352
1.85925
1.84844
1.82884
1.79993
1.76354
1.72367
1.68567
1.65525
1.63678
1.63204
1.64133
1.66547
1.70353
1.74891
1.79161
1.82428
1.84484
1.85569
1.86198
1.86935
1.88091
1.89528
1.90721
1.91054
1.90145
1.88152
1.85886
1.84489
1.8463
1.86036
1.8794
1.89811
1.91535
1.93149
1.94524
1.9522
1.9464
1.92485
1.89128
1.85472
1.82356
1.80081
1.78463
1.77209
1.76162
1.75225
1.74122
1.72492
1.70545
1.69279
1.6934
1.70117
1.70674
1.70784
1.70804
1.7115
1.72009
1.73334
1.74954
1.76683
1.78376
1.79934
1.81279
1.82291
1.8274
1.82304
1.80752
1.78139
1.74866
1.71556
1.68923
1.67666
1.68268
1.706
1.73764
1.76577
1.78153
1.78163
1.76998
1.75918
1.76409
1.78695
1.81618
1.84048
1.85544
1.86058
1.85649
1.84462
1.82836
1.8136
1.80728
1.81381
1.83175
1.85385
1.87071
1.87466
1.86123
1.82979
1.78486
1.73775
1.7041
1.69437
1.70588
1.72642
1.7442
1.75337
1.75432
1.7512
1.74834
1.74667
1.74254
1.73055
1.70994
1.68982
1.68367
1.69481
1.71412
1.73178
1.74358
1.74954
1.75276
1.7591
1.77351
1.79448
1.81621
1.83492
1.85
1.86167
1.86951
1.87233
1.86928
1.86067
1.84771
1.83242
1.81777
1.80706
1.80224
1.80285
1.8068
1.81187
1.81624
1.81817
1.81629
1.81015
1.799
1.78084
1.75407
1.71975
1.6816
1.64486
1.61584
1.60169
1.60879
1.63848
1.684
1.73342
1.77579
1.80471
1.8181
1.81667
1.80311
1.78208
1.75966
1.74159
1.73134
1.72931
1.73361
1.74141
1.75029
1.75941
1.77001
1.784
1.80091
1.81702
1.82865
1.83624
1.84475
1.8597
1.88201
1.90653
1.92505
1.93054
1.91974
1.89429
1.86112
1.83022
1.80913
1.79823
1.79137
1.78172
1.76791
1.75536
1.75265
1.76551
1.79288
1.8277
1.86173
1.88966
1.90997
1.92324
1.93007
1.9298
1.92068
1.90069
1.86889
1.82652
1.77779
1.73013
1.69271
1.67285
1.67288
1.68973
1.71689
1.74698
1.77404
1.7951
1.81068
1.82368
1.83691
1.85102
1.86438
1.87432
1.87826
1.87409
1.86015
1.83566
1.80229
1.76592
1.73583
1.7198
1.71929
1.7303
1.74734
1.76626
1.78494
1.80262
1.81879
1.83245
1.84233
1.84725
1.84665
1.84168
1.8359
1.83467
1.84265
1.8601
1.88153
1.899
1.90658
1.90253
1.88876
1.8692
1.84791
1.82756
1.80893
1.79159
1.7753
1.76091
1.75007
1.74388
1.74182
1.74179
1.74135
1.73941
1.73734
1.73879
1.74798
1.76688
1.79342
1.82225
1.84716
1.86328
1.86806
1.86163
1.84656
1.82685
1.8064
1.78787
1.77245
1.76023
1.7508
1.74363
1.73795
1.73243
1.72521
1.71449
1.69937
1.68047
1.66012
1.6423
1.63171
1.63209
1.64411
1.66473
1.68878
1.71097
1.72709
1.7347
1.73375
1.72671
1.71796
1.71249
1.714
1.72286
1.73598
1.7491
1.76001
1.77
1.78217
1.79806
1.81555
1.83033
1.83891
1.8402
1.83474
1.82283
1.8039
1.77915
1.75513
1.74061
1.7374
1.73764
1.73031
1.70827
1.67247
1.63279
1.60384
1.59659
1.61149
1.63938
1.66834
1.68898
1.69563
1.68613
1.66212
1.62962
1.59838
1.57942
1.58158
1.60837
1.6571
1.72062
1.79035
1.85785
1.91567
1.95936
1.98878
2.00667
2.01568
2.01615
2.00639
1.98491
1.95278
1.9142
1.87497
1.83997
1.812
1.79279
1.7844
1.78905
1.80642
1.83118
1.85469
1.87055
1.87793
1.87948
1.87819
1.87621
1.87425
1.87177
1.86838
1.86477
1.8618
1.8589
1.85378
1.84434
1.83023
1.81275
1.79397
1.77624
1.76183
1.75197
1.7462
1.74292
1.74066
1.73917
1.7393
1.74182
1.74623
1.75065
1.75263
1.75043
1.74412
1.73611
1.73052
1.73042
1.73488
1.73946
1.74009
1.73599
1.72905
1.72151
1.71548
1.71455
1.72247
1.73854
1.75763
1.77465
1.78667
1.79234
1.79154
1.78536
1.77609
1.76667
1.75954
1.75582
1.7551
1.75546
1.75411
1.74867
1.73962
1.7318
1.73245
1.74602
1.76992
1.79605
1.81623
1.82624
1.82637
1.82015
1.81213
1.80579
1.8025
1.8023
1.80523
1.81179
1.82225
1.83573
1.8499
1.8617
1.86905
1.87201
1.87252
1.87294
1.87469
1.87788
1.88181
1.88531
1.88679
1.88504
1.88167
1.88224
1.89269
1.91301
1.93636
1.95425
1.96105
1.95487
1.93653
1.90877
1.87552
1.84118
1.81003
1.78577
1.77116
1.76693
1.77108
1.7793
1.78697
1.79128
1.79251
1.79362
1.79862
1.80981
1.82538
1.83993
1.85005
1.85891
1.86928
1.87468
1.86634
1.84302
1.81068
1.77818
1.75455
1.74572
1.75111
1.76449
1.77905
1.79063
1.79777
1.80087
1.80177
1.80331
1.80855
1.81953
1.83648
1.85729
1.87733
1.89023
1.89073
1.8781
1.85743
1.83739
1.82556
1.8243
1.82998
1.83572
1.83584
1.82902
1.81797
1.80685
1.79868
1.79434
1.79317
1.79416
1.79695
1.80182
1.80891
1.81749
1.82589
1.83237
1.83599
1.83657
1.83376
1.82643
1.81365
1.79622
1.7774
1.76213
1.75516
1.75952
1.77543
1.8002
1.82909
1.85671
1.8783
1.89094
1.89378
1.8871
1.87176
1.84959
1.82411
1.79936
1.77749
1.75761
1.73771
1.71744
1.69948
1.68816
1.68644
1.69374
1.70658
1.7212
1.7356
1.74956
1.76329
1.77605
1.78588
1.79013
1.78658
1.77461
1.75577
1.73359
1.71324
1.70059
1.69968
1.70966
1.72577
1.74413
1.76499
1.79133
1.82483
1.86305
1.90001
1.92885
1.9441
1.94284
1.92494
1.89365
1.85601
1.82071
1.79258
1.76924
1.74498
1.71612
1.68304
1.65007
1.62457
1.61346
1.61878
1.63812
1.66879
1.70844
1.75274
1.79502
1.82845
1.84809
1.85189
1.84071
1.81779
1.78792
1.75721
1.73339
1.72328
1.72712
1.73855
1.75153
1.76521
1.7826
1.80636
1.83588
1.867
1.89333
1.9085
1.90882
1.89495
1.87152
1.84574
1.82556
1.81774
1.82486
1.84332
1.86561
1.88438
1.89559
1.89961
1.90005
1.90049
1.9018
1.90221
1.89941
1.89209
1.88062
1.86708
1.8546
1.84509
1.83752
1.82883
1.81666
1.80112
1.78444
1.7695
1.75844
1.75141
1.74619
1.73989
1.73111
1.72074
1.71218
1.71097
1.7215
1.74187
1.76326
1.77563
1.77319
1.7559
1.728
1.69569
1.66525
1.64175
1.62843
1.62694
1.63792
1.66032
1.68995
1.72016
1.74513
1.76258
1.77415
1.78349
1.79361
1.80493
1.81546
1.82277
1.82582
1.82498
1.82036
1.81049
1.79292
1.76635
1.73217
1.69455
1.65989
1.63626
1.63062
1.64389
1.67066
1.70462
1.74242
1.78315
1.8254
1.86523
1.89647
1.91326
1.91316
1.89882
1.87751
1.85718
1.84123
1.82787
1.8139
1.79824
1.78327
1.77472
1.77837
1.79528
1.82033
1.84537
1.86245
1.86595
1.8545
1.83232
1.80802
1.78974
1.78037
1.77777
1.77826
1.77878
1.77711
1.77171
1.76277
1.75299
1.74551
1.74
1.73241
1.71955
1.70243
1.68584
1.67636
1.67986
1.69843
1.72779
1.7592
1.78437
1.79862
1.80146
1.7961
1.7882
1.78358
1.7854
1.79283
1.80181
1.80737
1.80596
1.79701
1.78289
1.7678
1.75657
1.75308
1.75835
1.76962
1.78132
1.78721
1.78279
1.76707
1.74292
1.71597
1.69216
1.67572
1.66857
1.67087
1.68091
1.69465
1.70672
1.71302
1.71318
1.71087
1.71139
1.71834
1.73183
1.74931
1.76763
1.78449
1.79846
1.80852
1.81413
1.81525
1.81208
1.80478
1.79356
1.77916
1.76335
1.749
1.7395
1.73708
1.74088
1.74701
1.75065
1.74852
1.74011
1.72753
1.71447
1.70528
1.70399
1.71278
1.7309
1.75544
1.78296
1.81027
1.83413
1.85098
1.85747
1.85146
1.83299
1.80485
1.77207
1.74022
1.71292
1.69076
1.6724
1.65694
1.6457
1.64202
1.6487
1.66525
1.6876
1.71068
1.73107
1.74738
1.75907
1.76576
1.76803
1.76827
1.77022
1.77631
1.78526
1.79275
1.79459
1.78951
1.77956
1.76892
1.7622
1.76324
1.77431
1.79544
1.82424
1.85629
1.88614
1.90868
1.92021
1.91905
1.90579
1.88305
1.85509
1.82688
1.80256
1.78393
1.77023
1.75948
1.75043
1.74351
1.74074
1.74464
1.75678
1.77683
1.80264
1.83132
1.86064
1.88879
1.91213
1.9256
1.92705
1.92015
1.91178
1.90726
1.9077
1.91078
1.91298
1.91071
1.9005
1.87952
1.84794
1.81213
1.78423
