3.02132
3.01793
3.01284
2.99499
2.96454
2.92912
2.89727
2.87451
2.86285
2.86196
2.87001
2.88426
2.90172
2.91997
2.93806
2.95647
2.97529
2.99252
3.00445
3.00828
3.00523
3.00061
2.99997
3.0044
3.00971
3.00997
3.00076
2.97897
2.94115
2.88337
2.80446
2.71149
2.6236
2.56822
2.56628
2.61558
2.69236
2.77007
2.83264
2.87439
2.89589
2.90169
2.89956
2.89839
2.90284
2.90928
2.90962
2.89956
2.88293
2.86783
2.85813
2.84904
2.83077
2.79682
2.75063
2.70739
2.68572
2.69399
2.72828
2.78295
2.85594
2.94094
3.02051
3.07353
3.08761
3.0649
3.02005
2.9732
2.94151
2.93148
2.93677
2.94498
2.94838
2.94861
2.95246
2.96465
2.98333
3.00068
3.0071
2.99545
2.96372
2.91515
2.85654
2.79841
2.75539
2.73948
2.75027
2.77631
2.8054
2.83119
2.85374
2.87723
2.90545
2.93871
2.97484
3.00973
3.03616
3.04724
3.04218
3.02581
3.00378
2.97831
2.94713
2.90726
2.86185
2.82305
2.80574
2.81783
2.85826
2.92012
2.99263
3.06266
3.11704
3.14474
3.13828
3.0954
3.02245
2.93664
2.85799
2.79485
2.7464
2.71656
2.71433
2.7435
2.79707
2.86007
2.91694
2.9592
2.98855
3.01215
3.03389
3.05221
3.06482
3.07099
3.06949
3.05794
3.03549
3.00448
2.96929
2.93481
2.90646
2.89018
2.88991
2.903
2.91969
2.93144
2.93914
2.94999
2.96738
2.98724
3.00314
3.0121
3.01583
3.01924
3.02832
3.04786
3.07885
3.11823
3.16099
3.20159
3.23374
3.25141
3.25147
3.23612
3.21247
3.18895
3.17088
3.15823
3.14766
3.137
3.12768
3.12248
3.12224
3.12497
3.12656
3.12137
3.10464
3.07688
3.04439
3.01318
2.98423
2.95567
2.92666
2.89664
2.86271
2.82211
2.7829
2.76796
2.79068
2.83515
2.8767
2.90679
2.93339
2.96439
2.99428
3.00762
2.9936
2.95904
2.93046
2.93582
2.98161
3.0537
3.13115
3.19552
3.23525
3.24597
3.2288
3.18857
3.13253
3.06868
3.00337
2.93932
2.87598
2.81365
2.76032
2.73401
2.75183
2.81166
2.88948
2.95839
3.0053
3.0298
3.03573
3.02625
3.00389
2.97292
2.94141
2.9202
2.91694
2.92911
2.94484
2.95264
2.95175
2.95516
2.97952
3.0272
3.08204
3.12512
3.14933
3.15935
3.16336
3.16608
3.16643
3.15894
3.13698
3.09708
3.04342
2.98904
2.95039
2.93754
2.94787
2.96876
2.98616
2.99261
2.98993
2.9854
2.98585
2.99367
3.00532
3.01358
3.01277
3.00277
2.98892
2.97873
2.97794
2.98764
3.00374
3.01863
3.02424
3.01472
2.98791
2.9454
2.89155
2.83238
2.77439
2.72382
2.68642
2.66736
2.67087
2.6985
2.7464
2.80408
2.85767
2.89624
2.91548
2.91697
2.90665
2.89364
2.88596
2.88369
2.87821
2.86023
2.829
2.79603
2.78118
2.7987
2.84425
2.90188
2.95947
3.01224
3.05846
3.09794
3.13199
3.15968
3.17514
3.1722
3.15049
3.1159
3.07755
3.04424
3.02191
3.01407
3.02371
3.05267
3.09776
3.14967
3.19767
3.23399
3.25493
3.26146
3.25927
3.2549
3.24951
3.2378
3.21388
3.17765
3.13503
3.09304
3.05521
3.02117
2.98952
2.95965
2.93193
2.90726
2.88575
2.86596
2.84564
2.82341
2.79949
2.77532
2.75332
2.73713
2.7307
2.73586
2.75108
2.77363
2.80365
2.84519
2.90123
2.96643
3.02633
3.06496
3.07363
3.05492
3.02161
2.991
2.9757
2.97695
2.98587
2.9906
2.98311
2.96181
2.93061
2.89583
2.86247
2.83273
2.80729
2.78673
2.7713
2.76153
2.76012
2.77004
2.78907
2.80918
2.82282
2.82892
2.83394
2.84814
2.87941
2.92826
2.98726
3.04524
3.09254
3.12316
3.13451
3.12715
3.10414
3.07032
3.03198
2.99597
2.96756
2.94821
2.93546
2.92569
2.91808
2.91559
2.92
2.9265
2.92641
2.91421
2.89027
2.85848
2.82325
2.78882
2.76004
2.74189
2.7373
2.7458
2.76395
2.78789
2.81577
2.84833
2.88601
2.9263
2.96576
3.00445
3.04618
3.09339
3.14205
3.18162
3.20025
3.19072
3.15388
3.09918
3.04116
2.99203
2.95419
2.91974
2.87801
2.82495
2.76703
2.71818
2.69439
2.70864
2.7622
2.83835
2.91162
2.96362
2.99034
2.99989
3.00467
3.01267
3.02377
3.03267
3.0347
3.02964
3.02091
3.01157
3.00017
2.98008
2.94291
2.8846
2.81317
2.75333
2.73367
2.76053
2.81545
2.87669
2.92905
2.96153
2.96845
2.95397
2.93062
2.91197
2.90893
2.92934
2.97326
3.0293
3.08038
3.11279
3.12053
3.10486
3.072
3.03059
2.98944
2.95561
2.93291
2.92174
2.92008
2.92467
2.93139
2.93525
2.93113
2.91641
2.89505
2.87978
2.88432
2.90944
2.94249
2.97012
2.98494
2.98516
2.97327
2.95534
2.9385
2.92698
2.92027
2.916
2.91422
2.91825
2.93211
2.95636
2.98622
3.01342
3.03043
3.03324
3.02156
2.99796
2.96762
2.93795
2.9163
2.90708
2.91114
2.92642
2.9469
2.96378
2.96981
2.96223
2.94271
2.91622
2.88969
2.86908
2.85718
2.85413
2.85821
2.86631
2.87491
2.88121
2.88398
2.88366
2.88161
2.87971
2.88051
2.88641
2.89731
2.91046
2.92338
2.93609
2.94899
2.95891
2.96017
2.95063
2.93445
2.91835
2.90593
2.89557
2.88242
2.86188
2.83244
2.79709
2.76233
2.73487
2.71826
2.71301
2.7185
2.73367
2.75587
2.7797
2.79806
2.80507
2.79834
2.77853
2.74894
2.71512
2.68377
2.65991
2.64477
2.63683
2.63531
2.64261
2.66233
2.69425
2.73225
2.76825
2.79616
2.81291
2.81812
2.8146
2.80852
2.80783
2.81927
2.84533
2.8821
2.92024
2.9491
2.96154
2.9565
2.93819
2.91366
2.89036
2.87369
2.86472
2.86065
2.85804
2.85636
2.8588
2.86906
2.88737
2.91095
2.94019
2.98138
3.03646
3.09291
3.13427
3.15586
3.16472
3.16889
3.16934
3.15949
3.12992
3.07581
3.00814
2.96032
2.964
3.01089
3.06499
3.0985
3.10164
3.07734
3.03511
2.98608
2.93884
2.89739
2.86158
2.82876
2.7949
2.75637
2.71394
2.67681
2.65927
2.66897
2.70023
2.74135
2.78406
2.8262
2.87089
2.92424
2.99095
3.06984
3.15328
3.23068
3.29125
3.32595
3.33001
3.3043
3.25433
3.18891
3.11927
3.05703
3.01027
2.98017
2.96147
2.94631
2.92819
2.90422
2.8752
2.84395
2.81399
2.78892
2.77156
2.76253
2.75944
2.75804
2.75619
2.75849
2.77327
2.80311
2.84387
2.89106
2.94132
2.99143
3.03581
3.06422
3.0667
3.04092
2.99373
2.93734
2.88555
2.8513
2.84458
2.86432
2.89257
2.90998
2.91171
2.90315
2.8891
2.87454
2.87298
2.90159
2.95896
3.01867
3.05235
3.04727
3.0072
2.94999
2.90125
2.87899
2.88134
2.89259
2.89816
2.8931
2.88256
2.87754
2.88837
2.91877
2.96388
3.01322
3.05707
3.09172
3.11943
3.14394
3.1659
3.18205
3.18734
3.17864
3.15823
3.13361
3.11119
3.09068
3.06828
3.04206
3.01225
2.97927
2.94403
2.90941
2.88024
2.8613
2.85531
2.86214
2.87948
2.90415
2.93181
2.9564
2.97105
2.97168
2.95991
2.94105
2.91848
2.89325
2.86823
2.84742
2.83155
2.81807
2.8057
2.79718
2.79774
2.81141
2.83802
2.87313
2.91066
2.94466
2.96966
2.98228
2.98403
2.98251
2.98831
3.00865
3.04277
3.08219
3.11523
3.13293
3.13287
3.11878
3.09693
3.07217
3.04686
3.02294
3.00404
2.99431
2.99433
2.99924
3.00231
3.00068
2.99772
3.00091
3.01706
3.04646
3.07966
3.10256
3.10755
3.09854
3.0843
3.06939
3.05326
3.03526
3.01695
2.99944
2.98003
2.95285
2.9133
2.86267
2.80973
2.76779
2.74824
2.75577
2.78803
2.83741
2.89353
2.94557
2.98412
3.00312
3.0018
2.98453
2.95855
2.93084
2.90542
2.88442
2.8711
2.87121
2.89108
2.93294
2.99068
3.05113
3.09989
3.12632
3.12522
3.09779
3.05342
3.00757
2.97232
2.95012
2.94047
2.94784
2.97894
3.03411
3.10277
3.16724
3.21074
3.22255
3.19807
3.13925
3.06053
2.99452
2.96893
2.96942
2.95992
2.92662
2.88331
2.85254
2.84465
2.85079
2.85514
2.84919
2.83482
2.82038
2.81533
2.82511
2.84686
2.87167
2.89139
2.90332
2.91115
2.92358
2.95007
2.99529
3.05592
3.12207
3.18156
3.22417
3.24395
3.2397
3.2144
3.17367
3.12385
3.07016
3.01571
2.96208
2.91093
2.86555
2.83087
2.81095
2.80578
2.81132
2.823
2.83769
2.85321
2.86817
2.88308
2.89989
2.91881
2.93584
2.94484
2.94265
2.93084
2.91327
2.89369
2.87578
2.86293
2.85652
2.85518
2.85618
2.8578
2.86147
2.87153
2.8914
2.91896
2.94699
2.96915
2.98551
3.00243
3.02726
3.06218
3.10249
3.14005
3.16809
3.18331
3.18528
3.17475
3.15286
3.12123
3.08195
3.03724
2.98935
2.9409
2.89472
2.85295
2.81658
2.78596
2.76186
2.74596
2.74044
2.74684
2.76527
2.79417
2.83032
2.86843
2.90055
2.91627
2.9072
2.87611
2.84162
2.82886
2.85023
2.89407
2.93493
2.95253
2.93912
2.89685
2.83409
2.76239
2.69324
2.63469
2.59084
2.56607
2.57013
2.61364
2.69473
2.79597
2.89615
2.98067
3.04283
3.08197
3.10286
3.1135
3.11917
3.11969
3.1141
3.10402
3.09088
3.07244
3.04438
3.00498
2.9566
2.9039
2.85262
2.80946
2.7807
2.76962
2.7743
2.78665
2.79504
2.79079
2.77317
2.74901
2.72813
2.71812
2.72207
2.73977
2.76972
2.80928
2.85305
2.89272
2.91955
2.92852
2.92125
2.90452
2.88414
2.86227
2.84248
2.83272
2.83979
2.86324
2.89563
2.92769
2.9535
2.97251
2.98763
3.00133
3.01379
3.02461
