2.01421
2.01196
2.00856
1.99666
1.97636
1.95275
1.93151
1.91634
1.90857
1.90797
1.91334
1.92284
1.93448
1.94665
1.95871
1.97098
1.98353
1.99501
2.00297
2.00552
2.00348
2.00041
1.99998
2.00293
2.00647
2.00665
2.00051
1.98598
1.96076
1.92225
1.86964
1.80766
1.74906
1.71215
1.71085
1.74372
1.7949
1.84671
1.88843
1.91626
1.93059
1.93446
1.93304
1.93226
1.93522
1.93952
1.93975
1.93304
1.92196
1.91188
1.90542
1.89936
1.88718
1.86454
1.83375
1.80493
1.79048
1.79599
1.81885
1.8553
1.90396
1.96063
2.01367
2.04902
2.0584
2.04327
2.01337
1.98214
1.96101
1.95432
1.95785
1.96332
1.96559
1.96574
1.96831
1.97644
1.98889
2.00045
2.00473
1.99697
1.97582
1.94344
1.90436
1.8656
1.83693
1.82632
1.83351
1.85087
1.87027
1.88746
1.90249
1.91815
1.93697
1.95914
1.98323
2.00649
2.0241
2.03149
2.02812
2.01721
2.00252
1.98554
1.96476
1.93817
1.9079
1.88204
1.8705
1.87856
1.90551
1.94675
1.99508
2.04177
2.07802
2.09649
2.09219
2.0636
2.01496
1.95776
1.90533
1.86324
1.83094
1.81104
1.80955
1.829
1.86471
1.90671
1.94463
1.9728
1.99237
2.0081
2.02259
2.03481
2.04321
2.04733
2.04633
2.03863
2.02366
2.00298
1.97953
1.95654
1.93764
1.92679
1.92661
1.93533
1.94646
1.9543
1.95943
1.96666
1.97826
1.9915
2.0021
2.00807
2.01056
2.01283
2.01888
2.03191
2.05256
2.07882
2.10733
2.13439
2.15583
2.16761
2.16765
2.15741
2.14164
2.12597
2.11392
2.10549
2.09844
2.09133
2.08512
2.08165
2.08149
2.08331
2.08437
2.08091
2.06976
2.05126
2.02959
2.00879
1.98948
1.97045
1.95111
1.93109
1.90848
1.88141
1.85527
1.84531
1.86045
1.8901
1.9178
1.93786
1.95559
1.97626
1.99618
2.00508
1.99574
1.97269
1.95364
1.95721
1.98774
2.0358
2.08743
2.13035
2.15683
2.16398
2.15253
2.12571
2.08835
2.04579
2.00224
1.95955
1.91732
1.87577
1.84021
1.82267
1.83455
1.87444
1.92632
1.97226
2.00354
2.01986
2.02382
2.0175
2.0026
1.98194
1.96094
1.9468
1.94463
1.95274
1.96323
1.96843
1.96784
1.97011
1.98635
2.01813
2.05469
2.08341
2.09955
2.10623
2.10891
2.11072
2.11096
2.10596
2.09132
2.06472
2.02895
1.99269
1.96693
1.95836
1.96524
1.97918
1.99077
1.99507
1.99328
1.99026
1.99056
1.99578
2.00355
2.00905
2.00851
2.00185
1.99261
1.98582
1.9853
1.99176
2.00249
2.01242
2.01616
2.00981
1.99194
1.9636
1.9277
1.88825
1.84959
1.81588
1.79094
1.77824
1.78058
1.799
1.83093
1.86939
1.90511
1.93083
1.94365
1.94465
1.93777
1.92909
1.92397
1.92246
1.91881
1.90682
1.886
1.86402
1.85412
1.8658
1.89617
1.93459
1.97298
2.00816
2.03897
2.06529
2.088
2.10646
2.11676
2.1148
2.10033
2.07727
2.0517
2.02949
2.01461
2.00938
2.01581
2.03512
2.06518
2.09978
2.13178
2.156
2.16995
2.1743
2.17285
2.16993
2.16634
2.15853
2.14259
2.11843
2.09002
2.06203
2.03681
2.01411
1.99301
1.9731
1.95462
1.93817
1.92384
1.91064
1.89709
1.88228
1.86633
1.85021
1.83555
1.82475
1.82046
1.82391
1.83405
1.84909
1.8691
1.89679
1.93415
1.97762
2.01755
2.04331
2.04909
2.03661
2.01441
1.994
1.9838
1.98464
1.99058
1.99373
1.98874
1.97454
1.95374
1.93055
1.90832
1.88848
1.87152
1.85782
1.84753
1.84102
1.84008
1.84669
1.85938
1.87278
1.88188
1.88595
1.88929
1.89876
1.9196
1.95218
1.99151
2.03016
2.06169
2.08211
2.08967
2.08476
2.06943
2.04688
2.02132
1.99731
1.97837
1.96547
1.95697
1.95046
1.94539
1.94373
1.94666
1.951
1.95094
1.94281
1.92685
1.90566
1.88217
1.85921
1.84003
1.82792
1.82487
1.83053
1.84264
1.85859
1.87718
1.89888
1.92401
1.95086
1.97717
2.00297
2.03078
2.06226
2.0947
2.12108
2.1335
2.12715
2.10259
2.06612
2.02744
1.99469
1.96946
1.9465
1.91867
1.8833
1.84469
1.81212
1.79626
1.80576
1.84147
1.89223
1.94108
1.97575
1.99356
1.99993
2.00311
2.00845
2.01585
2.02178
2.02314
2.01976
2.01394
2.00771
2.00012
1.98672
1.96194
1.92306
1.87545
1.83555
1.82245
1.84035
1.87697
1.91779
1.9527
1.97435
1.97897
1.96932
1.95375
1.94132
1.93929
1.95289
1.98217
2.01953
2.05359
2.07519
2.08035
2.0699
2.048
2.02039
1.99296
1.97041
1.95527
1.94783
1.94672
1.94978
1.95426
1.95683
1.95409
1.94427
1.93003
1.91985
1.92288
1.93962
1.96166
1.98008
1.98996
1.99011
1.98218
1.97022
1.959
1.95132
1.94685
1.944
1.94281
1.9455
1.95474
1.97091
1.99082
2.00895
2.02029
2.02216
2.01438
1.99864
1.97842
1.95863
1.9442
1.93805
1.94076
1.95095
1.9646
1.97585
1.97987
1.97482
1.96181
1.94415
1.92646
1.91272
1.90479
1.90275
1.90548
1.91087
1.91661
1.92081
1.92265
1.92244
1.92107
1.9198
1.92034
1.92427
1.93154
1.94031
1.94892
1.95739
1.96599
1.97261
1.97345
1.96708
1.9563
1.94557
1.93728
1.93038
1.92162
1.90792
1.88829
1.86473
1.84155
1.82325
1.81218
1.80867
1.81233
1.82245
1.83725
1.85313
1.86537
1.87005
1.86556
1.85235
1.83263
1.81008
1.78918
1.77328
1.76318
1.75789
1.75687
1.76174
1.77488
1.79616
1.8215
1.8455
1.86411
1.87527
1.87874
1.8764
1.87235
1.87189
1.87951
1.89688
1.9214
1.94682
1.96607
1.97436
1.971
1.95879
1.94244
1.92691
1.91579
1.90981
1.9071
1.90536
1.90424
1.90586
1.91271
1.92492
1.94063
1.96013
1.98759
2.0243
2.06194
2.08951
2.1039
2.10982
2.11259
2.11289
2.10633
2.08661
2.05054
2.00543
1.97355
1.976
2.00726
2.04333
2.06567
2.06776
2.05156
2.0234
1.99072
1.95923
1.9316
1.90772
1.88584
1.86327
1.83758
1.8093
1.78454
1.77285
1.77931
1.80015
1.82757
1.85604
1.88413
1.91393
1.94949
1.99396
2.04656
2.10219
2.15379
2.19417
2.2173
2.22001
2.20287
2.16956
2.12594
2.07951
2.03802
2.00685
1.98678
1.97431
1.96421
1.95213
1.93615
1.9168
1.89597
1.87599
1.85928
1.8477
1.84169
1.83963
1.83869
1.83746
1.83899
1.84885
1.86874
1.89592
1.92737
1.96088
1.99429
2.02388
2.04282
2.04446
2.02728
1.99582
1.95822
1.9237
1.90087
1.89639
1.90955
1.92838
1.93998
1.94114
1.93544
1.92607
1.91636
1.91532
1.93439
1.97264
2.01245
2.0349
2.03151
2.0048
1.96666
1.93417
1.91932
1.92089
1.92839
1.93211
1.92873
1.9217
1.91836
1.92558
1.94585
1.97592
2.00882
2.03804
2.06115
2.07962
2.09596
2.1106
2.12137
2.1249
2.11909
2.10549
2.08908
2.07412
2.06045
2.04552
2.02804
2.00817
1.98618
1.96269
1.93961
1.92016
1.90753
1.90354
1.90809
1.91965
1.9361
1.95454
1.97094
1.9807
1.98112
1.97327
1.9607
1.94565
1.92883
1.91216
1.89828
1.8877
1.87871
1.87046
1.86479
1.86516
1.87427
1.89201
1.91542
1.94044
1.96311
1.97978
1.98819
1.98935
1.98834
1.9922
2.00576
2.02851
2.05479
2.07682
2.08862
2.08858
2.07919
2.06462
2.04811
2.03124
2.01529
2.0027
1.99621
1.99622
1.99949
2.00154
2.00045
1.99848
2.00061
2.01137
2.03097
2.05311
2.06837
2.0717
2.06569
2.0562
2.04626
2.03551
2.02351
2.0113
1.99962
1.98669
1.96857
1.9422
1.90845
1.87315
1.8452
1.83216
1.83718
1.85869
1.89161
1.92902
1.96372
1.98942
2.00208
2.0012
1.98968
1.97237
1.95389
1.93695
1.92295
1.91407
1.91414
1.92739
1.9553
1.99379
2.03409
2.06659
2.08421
2.08348
2.0652
2.03561
2.00505
1.98154
1.96675
1.96031
1.96523
1.98596
2.02274
2.06851
2.11149
2.1405
2.14837
2.13205
2.09283
2.04035
1.99634
1.97929
1.97962
1.97328
1.95108
1.92221
1.90169
1.89643
1.90053
1.90343
1.89946
1.88988
1.88025
1.87689
1.88341
1.89791
1.91445
1.9276
1.93555
1.94077
1.94906
1.96671
1.99686
2.03728
2.08138
2.12104
2.14945
2.16263
2.1598
2.14293
2.11578
2.08256
2.04678
2.01047
1.97472
1.94062
1.91037
1.88725
1.87397
1.87052
1.87422
1.882
1.89179
1.90214
1.91211
1.92205
1.93326
1.94587
1.95722
1.96323
1.96177
1.9539
1.94218
1.92913
1.91719
1.90862
1.90435
1.90345
1.90412
1.9052
1.90765
1.91436
1.9276
1.94598
1.96466
1.97943
1.99034
2.00162
2.01818
2.04145
2.06833
2.09337
2.11206
2.12221
2.12352
2.1165
2.10191
2.08082
2.05464
2.02483
1.9929
1.9606
1.92982
1.90197
1.87772
1.8573
1.84124
1.83064
1.82696
1.83123
1.84352
1.86278
1.88688
1.91229
1.9337
1.94418
1.93813
1.9174
1.89442
1.88591
1.90015
1.92938
1.95662
1.96836
1.95942
1.93123
1.88939
1.8416
1.79549
1.75646
1.72723
1.71071
1.71342
1.74242
1.79649
1.86398
1.93077
1.98711
2.02855
2.05465
2.06857
2.07567
2.07945
2.0798
2.07606
2.06934
2.06058
2.04829
2.02959
2.00332
1.97107
1.93593
1.90175
1.87297
1.8538
1.84641
1.84953
1.85777
1.86336
1.86053
1.84878
1.83268
1.81875
1.81208
1.81471
1.82651
1.84648
1.87285
1.90203
1.92848
1.94637
1.95235
1.9475
1.93635
1.92276
1.90818
1.89499
1.88848
1.8932
1.90883
1.93042
1.95179
1.969
1.98168
1.99175
2.00089
2.00919
2.01641
