1.79623
1.80946
1.82707
1.84618
1.8617
1.86801
1.86124
1.84101
1.81098
1.77802
1.75011
1.73359
1.7312
1.74182
1.76111
1.78249
1.79935
1.80802
1.80913
1.80632
1.80347
1.80231
1.80142
1.79741
1.78771
1.77372
1.76268
1.76362
1.77733
1.7949
1.80849
1.81721
1.82377
1.82961
1.83272
1.82857
1.81302
1.7852
1.75005
1.72024
1.71239
1.73404
1.77434
1.81259
1.83349
1.83317
1.81643
1.79176
1.76724
1.74716
1.73065
1.71434
1.69694
1.68091
1.67007
1.66663
1.67044
1.67955
1.69143
1.70541
1.72375
1.74863
1.77865
1.8094
1.83663
1.85796
1.87304
1.88347
1.89214
1.9015
1.91206
1.92279
1.93264
1.94128
1.9481
1.95121
1.94767
1.93537
1.91498
1.89013
1.86557
1.84479
1.82919
1.81893
1.81345
1.81125
1.8102
1.80862
1.80612
1.80318
1.79968
1.79382
1.78255
1.76339
1.73665
1.70664
1.68006
1.66177
1.65229
1.64981
1.65409
1.66719
1.69104
1.72537
1.76803
1.81573
1.86352
1.90417
1.9299
1.93552
1.92044
1.88923
1.85006
1.81131
1.77919
1.75833
1.75246
1.76256
1.78535
1.81471
1.84471
1.87124
1.89182
1.90486
1.90929
1.90465
1.89121
1.86965
1.84121
1.80857
1.77673
1.75251
1.7418
1.74644
1.76357
1.78771
1.8126
1.83189
1.8403
1.83601
1.82324
1.81108
1.8064
1.80794
1.80973
1.8078
1.80213
1.79533
1.79091
1.79177
1.7991
1.81218
1.82893
1.84673
1.86271
1.87368
1.87613
1.86699
1.84478
1.81035
1.76727
1.7215
1.68073
1.65388
1.64866
1.66485
1.69179
1.71722
1.73553
1.74669
1.75081
1.74603
1.73122
1.70918
1.68692
1.67314
1.67498
1.69529
1.73193
1.77859
1.82663
1.86727
1.8942
1.90534
1.90261
1.88984
1.87055
1.84707
1.82137
1.79611
1.7746
1.75997
1.75456
1.75957
1.77403
1.7933
1.8099
1.81707
1.81164
1.79358
1.76443
1.72637
1.68281
1.64049
1.61075
1.60325
1.61499
1.63356
1.65326
1.67987
1.71785
1.76113
1.80059
1.83165
1.85326
1.86485
1.86549
1.85485
1.8342
1.80683
1.77798
1.75422
1.74209
1.74541
1.76222
1.78506
1.80563
1.82018
1.83107
1.84326
1.85893
1.87569
1.88842
1.89245
1.88584
1.87036
1.85051
1.83174
1.81859
1.81373
1.81714
1.82625
1.8374
1.84786
1.85686
1.86488
1.87225
1.87787
1.87911
1.87337
1.8602
1.84234
1.82464
1.81131
1.80382
1.80098
1.80073
1.80184
1.80439
1.80878
1.81411
1.81753
1.81609
1.80941
1.80006
1.79123
1.78445
1.77979
1.77674
1.77423
1.77052
1.76391
1.75451
1.74539
1.74144
1.74699
1.76445
1.79315
1.82765
1.85806
1.87433
1.87094
1.84894
1.81517
1.77942
1.75067
1.7345
1.73377
1.75071
1.78551
1.83187
1.87758
1.91087
1.92493
1.91829
1.89432
1.86186
1.8349
1.82645
1.83851
1.86081
1.88147
1.89489
1.90099
1.90152
1.89808
1.89215
1.88528
1.87882
1.87365
1.87018
1.86856
1.86877
1.87104
1.87601
1.88411
1.89438
1.90444
1.91221
1.91739
1.92103
1.92402
1.92567
1.9235
1.9141
1.89523
1.86828
1.83948
1.81731
1.80652
1.80589
1.81233
1.82459
1.84234
1.86365
1.8841
1.89885
1.90497
1.9019
1.89043
1.87233
1.85036
1.82759
1.80625
1.78707
1.76918
1.7513
1.73369
1.71907
1.7115
1.71359
1.7241
1.73873
1.75329
1.7666
1.78025
1.79535
1.80963
1.81859
1.81953
1.81393
1.80644
1.80084
1.79626
1.78902
1.78047
1.78006
1.79446
1.81685
1.83334
1.8341
1.81716
1.78731
1.7537
1.72644
1.71249
1.71337
1.72597
1.74539
1.76802
1.79389
1.8256
1.86318
1.9017
1.93396
1.95402
1.95865
1.94735
1.92193
1.88575
1.84331
1.80051
1.76513
1.745
1.74281
1.75327
1.76798
1.78205
1.79576
1.81153
1.82971
1.84739
1.86025
1.86393
1.85458
1.83002
1.79137
1.74356
1.69445
1.65238
1.62304
1.60859
1.61044
1.63077
1.66925
1.72029
1.77545
1.82744
1.87208
1.90822
1.93656
1.95881
1.97706
1.99323
2.00819
2.02043
2.02617
2.02125
2.00369
1.97502
1.94014
1.90597
1.87892
1.86159
1.8508
1.83936
1.82087
1.79407
1.76477
1.74315
1.73616
1.7425
1.75601
1.77122
1.78501
1.79579
1.80328
1.80911
1.81671
1.83011
1.85138
1.87671
1.89719
1.90567
1.90048
1.88371
1.85879
1.82963
1.8002
1.77421
1.75426
1.74128
1.735
1.73541
1.74428
1.76447
1.79647
1.8353
1.8715
1.89605
1.90456
1.89822
1.88192
1.8613
1.84051
1.82196
1.80683
1.79575
1.78904
1.78674
1.78786
1.78997
1.79014
1.78678
1.78099
1.77602
1.77552
1.78116
1.7923
1.80935
1.83591
1.87335
1.91466
1.94835
1.96712
1.97145
1.96746
1.9606
1.9506
1.93279
1.90258
1.85897
1.8064
1.75386
1.71089
1.68353
1.67342
1.67918
1.69709
1.72122
1.7447
1.76209
1.77064
1.77036
1.76338
1.7531
1.7428
1.73425
1.7276
1.72318
1.72303
1.72939
1.74163
1.75625
1.76988
1.78128
1.79108
1.80041
1.8097
1.81846
1.82583
1.83103
1.83329
1.83165
1.82518
1.81391
1.7998
1.78707
1.78088
1.78493
1.7993
1.82034
1.84298
1.86458
1.88659
1.91084
1.93495
1.95386
1.96515
1.97116
1.97683
1.98592
1.99842
2.01041
2.01656
2.01337
2.00083
1.98178
1.96001
1.93854
1.91878
1.90111
1.88588
1.87366
1.86419
1.85406
1.83605
1.8034
1.75677
1.70906
1.68114
1.68296
1.70455
1.73183
1.75907
1.78639
1.81336
1.83691
1.85445
1.86638
1.87435
1.87878
1.8788
1.87281
1.85824
1.83171
1.79126
1.74171
1.7001
1.68765
1.70611
1.73551
1.75653
1.76064
1.7475
1.72322
1.7001
1.69158
1.70429
1.73838
1.79386
1.86934
1.95486
2.03311
2.08935
2.11783
2.12086
2.10531
2.07934
2.05024
2.02347
2.00264
1.98974
1.98439
1.98338
1.9819
1.97575
1.96258
1.94173
1.91363
1.87977
1.84355
1.81102
1.78968
1.7846
1.79492
1.81464
1.83627
1.85365
1.86279
1.86151
1.84965
1.82929
1.80459
1.7808
1.76275
1.75292
1.75062
1.75276
1.75696
1.76458
1.77916
1.79979
1.81848
1.8265
1.82062
1.80361
1.78197
1.76305
1.75164
1.74767
1.74718
1.74507
1.73718
1.72165
1.70042
1.68058
1.67294
1.68654
1.72196
1.77002
1.81666
1.84954
1.86212
1.85494
1.83546
1.81557
1.80528
1.80626
1.81246
1.81704
1.81733
1.81468
1.81178
1.80997
1.80829
1.80456
1.7974
1.78695
1.77443
1.7612
1.7484
1.73676
1.72703
1.72058
1.71961
1.72654
1.74294
1.76836
1.79983
1.83299
1.86369
1.889
1.90741
1.91859
1.92315
1.92232
1.91757
1.90999
1.89974
1.88594
1.86749
1.84437
1.81879
1.79566
1.78188
1.78421
1.80609
1.84477
1.89133
1.93442
1.96455
1.97636
1.96927
1.94708
1.917
1.88756
1.86574
1.85449
1.85201
1.85349
1.85463
1.85451
1.85541
1.86083
1.87362
1.89519
1.92477
1.95891
1.99164
2.01605
2.02697
2.02331
2.00786
1.98405
1.95287
1.91444
1.87241
1.83492
1.8099
1.79939
1.79965
1.80562
1.81403
1.82345
1.83222
1.83664
1.83149
1.81308
1.78236
1.74532
1.71081
1.68788
1.68327
1.69735
1.72319
1.75182
1.77749
1.7985
1.81513
1.82793
1.83717
1.84297
1.8453
1.84384
1.83794
1.82698
1.81133
1.79327
1.77722
1.76838
1.76955
1.77836
1.78857
1.7952
1.79909
1.80544
1.81787
1.83536
1.85491
1.87394
1.88954
1.89805
1.89658
1.88423
1.86248
1.83546
1.80992
1.7935
1.79184
1.80437
1.82202
1.83296
1.83142
1.82024
1.80747
1.80115
1.80492
1.81681
1.8316
1.84361
1.84817
1.84283
1.8289
1.81291
1.80501
1.81296
1.83575
1.8643
1.88879
1.90449
1.91145
1.91087
1.90374
1.8925
1.88177
1.87539
1.87308
1.87101
1.86571
1.85864
1.85686
1.86707
1.88752
1.90879
1.92136
1.92032
1.90506
1.87765
1.84162
1.80146
1.76246
1.73002
1.70797
1.69695
1.69488
1.69924
1.70837
1.72066
1.73427
1.7493
1.76828
1.79246
1.81848
1.83893
1.84591
1.83447
1.80457
1.76051
1.70859
1.65533
1.60779
1.57434
1.56322
1.57944
1.62174
1.68216
1.74877
1.81023
1.85932
1.89367
1.91394
1.92178
1.91876
1.90658
1.88726
1.8633
1.83751
1.81289
1.7922
1.77715
1.76735
1.75996
1.75056
1.73513
1.71192
1.68201
1.6487
1.61601
1.58753
1.56639
1.55627
1.56062
1.57849
1.60275
1.6251
1.64184
1.65401
1.6644
1.67503
1.68644
1.69842
1.71122
1.72551
1.74109
1.75614
1.76807
1.77475
1.77499
1.76852
1.7565
1.74223
1.73057
1.72532
1.72704
1.73294
1.73834
1.73841
1.73041
1.71592
1.70225
1.70001
1.71534
1.74415
1.7771
1.80824
1.83649
1.86129
1.87956
1.88651
1.87914
1.85843
1.82917
1.79985
1.78245
1.78633
1.8083
1.83547
1.85675
1.86747
1.86748
1.85897
1.84518
1.82963
1.81564
1.80623
1.8038
1.80916
1.82042
1.83277
1.83951
1.83404
1.81371
1.78475
1.76043
1.7492
1.7495
1.75585
1.76199
1.76277
1.75961
1.76042
1.76885
1.77768
1.77739
1.76541
1.74454
1.71822
1.68945
1.66152
1.63796
1.62157
1.61353
1.61249
1.61492
1.61736
1.61911
1.62287
1.63275
1.65089
1.67598
1.70447
1.73322
1.76115
1.78887
1.81712
1.84551
1.87254
1.89595
1.91258
1.91872
1.91108
1.88815
1.85153
1.8064
1.75944
1.71573
1.67869
1.65221
1.64048
1.64523
1.66418
1.69139
1.71878
1.73866
1.74606
1.73958
1.72083
1.69416
1.66634
