2.69435
2.71419
2.74061
2.76927
2.79255
2.80201
2.79186
2.76151
2.71647
2.66704
2.62517
2.60039
2.59681
2.61272
2.64167
2.67374
2.69902
2.71203
2.71369
2.70948
2.7052
2.70347
2.70212
2.69612
2.68157
2.66058
2.64401
2.64543
2.666
2.69234
2.71273
2.72581
2.73565
2.74441
2.74907
2.74286
2.71954
2.6778
2.62507
2.58035
2.56858
2.60106
2.66151
2.71888
2.75023
2.74976
2.72464
2.68763
2.65086
2.62073
2.59597
2.57151
2.54541
2.52137
2.50511
2.49994
2.50566
2.51933
2.53714
2.55811
2.58562
2.62294
2.66797
2.71411
2.75495
2.78695
2.80957
2.82521
2.83821
2.85225
2.86809
2.88418
2.89897
2.91193
2.92215
2.92681
2.92151
2.90306
2.87247
2.83519
2.79836
2.76719
2.74378
2.7284
2.72018
2.71688
2.7153
2.71293
2.70918
2.70477
2.69951
2.69072
2.67383
2.64509
2.60497
2.55996
2.52008
2.49266
2.47844
2.47472
2.48114
2.50078
2.53655
2.58805
2.65205
2.72359
2.79528
2.85625
2.89485
2.90328
2.88066
2.83384
2.77508
2.71697
2.66879
2.63749
2.62868
2.64384
2.67802
2.72207
2.76707
2.80686
2.83772
2.85729
2.86393
2.85698
2.83681
2.80447
2.76182
2.71286
2.6651
2.62876
2.61271
2.61966
2.64535
2.68157
2.71889
2.74783
2.76045
2.75402
2.73486
2.71661
2.7096
2.71192
2.7146
2.7117
2.70319
2.693
2.68637
2.68765
2.69865
2.71827
2.74339
2.7701
2.79407
2.81052
2.81419
2.80049
2.76717
2.71553
2.65091
2.58226
2.52109
2.48082
2.47299
2.49727
2.53769
2.57583
2.6033
2.62004
2.62621
2.61904
2.59683
2.56378
2.53038
2.50972
2.51247
2.54293
2.59789
2.66789
2.73995
2.8009
2.84129
2.85801
2.85391
2.83476
2.80583
2.77061
2.73206
2.69416
2.66191
2.63996
2.63185
2.63936
2.66104
2.68996
2.71485
2.7256
2.71746
2.69037
2.64664
2.58956
2.52421
2.46074
2.41612
2.40487
2.42248
2.45034
2.47989
2.5198
2.57677
2.6417
2.70088
2.74747
2.77989
2.79728
2.79823
2.78227
2.7513
2.71025
2.66697
2.63133
2.61314
2.61811
2.64332
2.6776
2.70845
2.73027
2.74661
2.76488
2.7884
2.81353
2.83263
2.83867
2.82876
2.80553
2.77577
2.74761
2.72788
2.72059
2.72571
2.73938
2.75609
2.7718
2.78528
2.79732
2.80838
2.8168
2.81866
2.81006
2.7903
2.76351
2.73695
2.71697
2.70573
2.70147
2.70109
2.70276
2.70658
2.71317
2.72116
2.72629
2.72414
2.71411
2.70009
2.68684
2.67667
2.66969
2.66511
2.66135
2.65578
2.64586
2.63177
2.61809
2.61216
2.62049
2.64668
2.68973
2.74147
2.78709
2.81149
2.80641
2.77341
2.72275
2.66913
2.62601
2.60176
2.60066
2.62607
2.67826
2.74781
2.81637
2.8663
2.88739
2.87744
2.84148
2.7928
2.75235
2.73968
2.75777
2.79122
2.82221
2.84233
2.85148
2.85227
2.84712
2.83823
2.82793
2.81824
2.81047
2.80527
2.80284
2.80316
2.80656
2.81401
2.82617
2.84157
2.85665
2.86832
2.87608
2.88155
2.88602
2.88851
2.88525
2.87115
2.84284
2.80242
2.75923
2.72597
2.70978
2.70883
2.7185
2.73688
2.7635
2.79547
2.82615
2.84828
2.85746
2.85286
2.83565
2.80849
2.77554
2.74138
2.70937
2.68061
2.65377
2.62695
2.60054
2.5786
2.56726
2.57038
2.58615
2.60809
2.62993
2.6499
2.67038
2.69302
2.71445
2.72789
2.72929
2.72089
2.70966
2.70126
2.69439
2.68353
2.6707
2.67009
2.69168
2.72527
2.75001
2.75115
2.72574
2.68096
2.63055
2.58966
2.56874
2.57005
2.58895
2.61809
2.65203
2.69084
2.7384
2.79476
2.85255
2.90093
2.93102
2.93797
2.92103
2.8829
2.82863
2.76496
2.70076
2.64769
2.6175
2.61422
2.62991
2.65197
2.67308
2.69365
2.7173
2.74456
2.77109
2.79038
2.7959
2.78188
2.74503
2.68706
2.61534
2.54167
2.47857
2.43457
2.41288
2.41566
2.44615
2.50388
2.58044
2.66318
2.74116
2.80812
2.86233
2.90484
2.93822
2.96558
2.98985
3.01229
3.03064
3.03926
3.03188
3.00553
2.96254
2.91022
2.85896
2.81838
2.79239
2.7762
2.75904
2.7313
2.69111
2.64715
2.61473
2.60424
2.61375
2.63401
2.65683
2.67752
2.69368
2.70491
2.71366
2.72506
2.74517
2.77707
2.81507
2.84578
2.85851
2.85072
2.82556
2.78819
2.74444
2.70031
2.66132
2.6314
2.61192
2.6025
2.60311
2.61642
2.6467
2.69471
2.75295
2.80725
2.84407
2.85684
2.84733
2.82289
2.79195
2.76076
2.73294
2.71025
2.69363
2.68356
2.6801
2.68179
2.68496
2.6852
2.68017
2.67148
2.66402
2.66328
2.67174
2.68846
2.71403
2.75387
2.81003
2.87199
2.92253
2.95068
2.95717
2.95119
2.9409
2.92591
2.89919
2.85386
2.78845
2.70961
2.63079
2.56634
2.52529
2.51013
2.51877
2.54564
2.58182
2.61706
2.64313
2.65597
2.65554
2.64507
2.62966
2.6142
2.60137
2.5914
2.58477
2.58454
2.59409
2.61244
2.63438
2.65483
2.67192
2.68661
2.70061
2.71455
2.72768
2.73874
2.74654
2.74993
2.74747
2.73778
2.72087
2.6997
2.68061
2.67133
2.6774
2.69895
2.73051
2.76447
2.79687
2.82988
2.86627
2.90242
2.9308
2.94772
2.95674
2.96524
2.97889
2.99763
3.01562
3.02484
3.02005
3.00125
2.97267
2.94001
2.90781
2.87817
2.85166
2.82881
2.81048
2.79628
2.7811
2.75407
2.7051
2.63516
2.5636
2.5217
2.52444
2.55683
2.59775
2.63861
2.67958
2.72004
2.75537
2.78167
2.79957
2.81153
2.81818
2.8182
2.80922
2.78736
2.74757
2.68689
2.61256
2.55014
2.53148
2.55916
2.60326
2.6348
2.64097
2.62125
2.58482
2.55016
2.53736
2.55643
2.60758
2.69079
2.80401
2.9323
3.04967
3.13403
3.17674
3.18129
3.15796
3.119
3.07537
3.03521
3.00396
2.98462
2.97659
2.97507
2.97285
2.96362
2.94386
2.9126
2.87045
2.81966
2.76533
2.71654
2.68453
2.6769
2.69239
2.72196
2.7544
2.78048
2.79418
2.79227
2.77448
2.74394
2.70688
2.6712
2.64412
2.62938
2.62593
2.62913
2.63544
2.64687
2.66874
2.69969
2.72772
2.73976
2.73093
2.70541
2.67296
2.64458
2.62745
2.6215
2.62076
2.6176
2.60578
2.58247
2.55063
2.52087
2.50941
2.5298
2.58294
2.65503
2.72499
2.77431
2.79318
2.78241
2.75319
2.72335
2.70793
2.70939
2.71868
2.72556
2.726
2.72203
2.71767
2.71496
2.71243
2.70684
2.6961
2.68043
2.66164
2.64181
2.6226
2.60514
2.59054
2.58088
2.57942
2.58981
2.61441
2.65254
2.69975
2.74948
2.79553
2.8335
2.86112
2.87788
2.88472
2.88348
2.87635
2.86499
2.84961
2.82892
2.80124
2.76656
2.72818
2.69349
2.67282
2.67632
2.70914
2.76715
2.83699
2.90163
2.94682
2.96454
2.9539
2.92062
2.8755
2.83135
2.79861
2.78173
2.77802
2.78023
2.78195
2.78176
2.78312
2.79124
2.81043
2.84278
2.88715
2.93837
2.98746
3.02407
3.04045
3.03497
3.01178
2.97607
2.92931
2.87166
2.80861
2.75239
2.71485
2.69908
2.69947
2.70843
2.72105
2.73518
2.74833
2.75496
2.74724
2.71962
2.67354
2.61799
2.56621
2.53182
2.5249
2.54602
2.58478
2.62773
2.66624
2.69775
2.7227
2.7419
2.75576
2.76445
2.76795
2.76577
2.75691
2.74048
2.717
2.68991
2.66582
2.65256
2.65432
2.66754
2.68285
2.69281
2.69864
2.70817
2.72681
2.75304
2.78237
2.81092
2.8343
2.84708
2.84487
2.82634
2.79371
2.75319
2.71488
2.69025
2.68776
2.70656
2.73303
2.74944
2.74714
2.73036
2.7112
2.70173
2.70738
2.72521
2.7474
2.76541
2.77226
2.76425
2.74336
2.71936
2.70752
2.71944
2.75362
2.79645
2.83318
2.85674
2.86717
2.8663
2.85561
2.83875
2.82265
2.81308
2.80962
2.80651
2.79857
2.78796
2.7853
2.80061
2.83128
2.86318
2.88205
2.88048
2.85759
2.81648
2.76244
2.70218
2.64369
2.59504
2.56196
2.54543
2.54233
2.54886
2.56256
2.58099
2.6014
2.62396
2.65242
2.68868
2.72772
2.7584
2.76886
2.7517
2.70686
2.64077
2.56289
2.483
2.41169
2.3615
2.34483
2.36916
2.43261
2.52323
2.62315
2.71535
2.78899
2.8405
2.87091
2.88267
2.87814
2.85987
2.83089
2.79496
2.75627
2.71933
2.68831
2.66572
2.65102
2.63995
2.62584
2.60269
2.56787
2.52302
2.47305
2.42401
2.38129
2.34959
2.33441
2.34093
2.36774
2.40412
2.43765
2.46276
2.48102
2.4966
2.51255
2.52965
2.54762
2.56683
2.58827
2.61164
2.63421
2.65211
2.66212
2.66248
2.65279
2.63475
2.61335
2.59585
2.58798
2.59055
2.59942
2.60751
2.60761
2.59561
2.57389
2.55337
2.55001
2.57301
2.61622
2.66565
2.71237
2.75473
2.79194
2.81934
2.82976
2.81871
2.78765
2.74376
2.69977
2.67368
2.67949
2.71244
2.7532
2.78512
2.8012
2.80122
2.78845
2.76777
2.74444
2.72346
2.70935
2.7057
2.71374
2.73063
2.74916
2.75927
2.75106
2.72056
2.67713
2.64064
2.6238
2.62425
2.63378
2.64299
2.64415
2.63942
2.64063
2.65328
2.66652
2.66608
2.64812
2.61681
2.57733
2.53417
2.49229
2.45694
2.43235
2.4203
2.41873
2.42237
2.42604
2.42866
2.4343
2.44912
2.47634
2.51397
2.55671
2.59983
2.64172
2.6833
2.72568
2.76827
2.80881
2.84393
2.86887
2.87808
2.86662
2.83223
2.77729
2.70961
2.63916
2.5736
2.51804
2.47832
2.46072
2.46784
2.49627
2.53708
2.57817
2.60798
2.6191
2.60937
2.58125
2.54124
2.49951
