-0.104405   -0.433703   0.423846
0.240942   -0.0969121   0.155341
-0.436779   0.493022   0.326273
0.246428   0.214894   0.0548713
0.261466   -0.278687   0.271465
0.0943628   -0.429563   0.464586
0.207402   -0.107067   -0.333561
-0.239504   -0.352889   -0.493175
0.277504   -0.17034   -0.0426027
-0.0828754   0.173461   -0.179083
-0.483121   0.470508   0.108667
0.117266   -0.196206   -0.425806
0.333519   -0.394967   -0.186787
0.468411   -0.177251   -0.421659
-0.177044   -0.195421   -0.305855
0.319535   -0.478434   0.328631
0.137306   -0.449692   -0.459338
-0.298207   -0.219617   -0.262523
-0.0558142   0.178078   0.382079
0.235416   -0.226746   0.198985
0.353396   0.0446564   0.222092
0.384616   -0.227203   -0.363209
-0.434015   0.22073   0.429453
-0.0101897   0.124045   0.444933
0.203663   -0.277767   0.0197369
-0.211476   0.488597   -0.103369
0.273871   -0.156204   0.318516
-0.0164965   -0.315276   -0.261475
0.133235   0.420978   -0.35847
0.427027   -0.0884543   -0.252177
-0.192931   -0.317135   0.313987
-0.156811   -0.216117   0.160562
-0.492126   -0.291879   -0.435908
0.387384   -0.318895   -0.381718
0.471467   -0.34893   -0.385055
-0.0142511   -0.411997   0.234528
-0.150219   -0.485072   0.204809
-0.464761   0.380136   0.254252
-0.234065   0.268596   -0.139747
0.477854   -0.0233372   0.226865
-0.297041   0.0530113   -0.00728229
0.409273   0.0884729   -0.0946047
0.474282   0.444754   -0.144068
0.403022   -0.0114109   -0.424135
0.0264181   -0.219579   -0.406258
0.108996   -0.490147   0.150236
0.429479   -0.459745   0.0429556
-0.142073   0.333993   -0.250761
0.39799   -0.155723   0.299983
0.322802   0.0538691   -0.401362
-0.299686   -0.379781   -0.146486
-0.183176   0.325275   0.394006
-0.350523   0.036248   0.0530458
-0.129521   0.108018   -0.237831
0.078081   -0.338107   0.345468
-0.346459   0.409871   0.421435
0.162384   -0.00664089   0.399347
0.27751   -0.04309   0.312479
0.242901   0.074306   0.0371826
-0.426203   -0.0927713   -0.372134
0.00315933   -0.197908   -0.486761
-0.0851601   0.100046   0.220784
0.396566   -0.491524   -0.220972
0.343997   -0.270509   -0.0363075
-0.0115257   0.36048   -0.333932
0.0714072   0.338931   -0.383094
-0.29433   0.148622   -0.0597447
-0.279667   0.212975   0.114133
0.420988   0.0165699   0.116991
-0.429036   0.241416   -0.034124
0.293576   -0.260287   0.0446998
0.43237   0.372532   0.212774
0.106277   -0.114217   -0.149722
-0.0541831   -0.204568   0.428989
-0.463137   0.463557   0.423935
0.48736   0.492366   0.211997
0.275771   -0.148408   0.220584
0.240482   0.239278   0.415191
-0.120533   0.474184   -0.269111
-0.368   0.10028   -0.00863594
0.0101448   0.122572   -0.467935
-0.241329   -0.0292015   -0.178381
-0.114277   -0.360659   0.303808
0.32492   -0.370829   0.231285
-0.0745597   -0.289529   -0.348035
0.118271   -0.32327   0.432955
-0.00982634   -0.0803386   0.0811004
-0.313659   0.141094   0.271697
-0.186323   -0.40478   0.385396
-0.410641   0.381905   0.361244
0.344906   0.202091   0.259463
-0.197735   0.417803   0.409059
0.347513   0.27157   0.352034
0.302484   0.108669   0.258268
-0.0109522   0.0364778   0.0114027
0.243044   -0.45644   0.333505
0.358948   -0.085063   -0.299622
-0.351663   -0.394633   0.281885
0.151685   -0.408925   0.282568
-0.045155   0.0128666   0.100203
0.204206   -0.0766523   -0.0247429
0.439714   -0.373957   0.359178
0.156511   0.0755021   0.000355556
0.203962   0.227435   -0.0440634
0.150834   0.244122   0.406038
0.0187809   0.0199218   0.205991
0.389269   0.0965009   0.274738
-0.221335   0.395048   -0.326966