-0.104396   -0.433726   0.42383
0.240958   -0.0968697   0.155356
-0.436762   0.493036   0.326314
0.246433   0.214845   0.0548876
0.261435   -0.278628   0.27145
0.0942911   -0.429529   0.464607
0.207435   -0.107097   -0.333504
-0.239453   -0.352854   -0.493256
0.277516   -0.170357   -0.0426496
-0.0828956   0.173505   -0.179084
-0.483166   0.47055   0.108659
0.117219   -0.196243   -0.42583
0.333586   -0.394971   -0.186812
0.468376   -0.177253   -0.421664
-0.177028   -0.195434   -0.305873
0.31951   -0.478438   0.328628
0.137316   -0.44969   -0.459272
-0.298259   -0.21965   -0.262502
-0.0558281   0.178068   0.382113
0.235414   -0.226714   0.199067
0.353362   0.0445637   0.222106
0.384609   -0.22718   -0.36317
-0.434078   0.220702   0.429404
-0.0102266   0.124059   0.444867
0.2036   -0.277733   0.0196751
-0.211466   0.488493   -0.103351
0.273865   -0.156285   0.318517
-0.0165264   -0.315278   -0.261449
0.13332   0.42106   -0.358474
0.426967   -0.0884103   -0.252145
-0.192975   -0.317127   0.314016
-0.15682   -0.216119   0.16061
-0.492155   -0.291856   -0.435894
0.387351   -0.318903   -0.381718
0.471513   -0.348921   -0.385034
-0.0142293   -0.411924   0.234514
-0.150276   -0.485091   0.204821
-0.464779   0.380203   0.254253
-0.23406   0.2686   -0.139814
0.47782   -0.0233759   0.226902
-0.297034   0.0530253   -0.00729725
0.409282   0.0884805   -0.0945283
0.474223   0.44474   -0.144001
0.403009   -0.0114379   -0.424115
0.0264049   -0.219605   -0.406294
0.109065   -0.490123   0.150229
0.429516   -0.459771   0.0429316
-0.142115   0.333981   -0.250786
0.397999   -0.155731   0.299937
0.32276   0.0539395   -0.40141
-0.299703   -0.37971   -0.146437
-0.183172   0.325262   0.393908
-0.350546   0.0361837   0.0530879
-0.129489   0.108048   -0.23781
0.078114   -0.338122   0.345503
-0.346467   0.409844   0.42143
0.162454   -0.00665455   0.399343
0.277521   -0.0430791   0.312504
0.242913   0.0743245   0.0371135
-0.426142   -0.092804   -0.372123
0.00308134   -0.198038   -0.486731
-0.0851376   0.100093   0.22074
0.396621   -0.49153   -0.220919
0.344039   -0.270507   -0.0363134
-0.0116012   0.360495   -0.333929
0.0713985   0.338849   -0.383117
-0.294259   0.148614   -0.0598151
-0.279625   0.212979   0.11408
0.420942   0.0165667   0.116984
-0.429082   0.241481   -0.0341458
0.293545   -0.260195   0.0447707
0.432331   0.372602   0.212715
0.106284   -0.114194   -0.149712
-0.0540983   -0.204578   0.428991
-0.463119   0.463521   0.42395
0.487325   0.492413   0.212056
0.275729   -0.148349   0.220604
0.240561   0.239223   0.415126
-0.120512   0.474106   -0.269092
-0.368062   0.100319   -0.00855886
0.0101124   0.122561   -0.467895
-0.241236   -0.0291685   -0.178445
-0.114309   -0.36065   0.303816
0.324902   -0.370844   0.231277
-0.0744984   -0.289561   -0.347941
0.118309   -0.323329   0.432898
-0.00992952   -0.0802981   0.081136
-0.313701   0.141064   0.271645
-0.186187   -0.404793   0.385468
-0.410585   0.381941   0.361255
0.344908   0.202024   0.259443
-0.197693   0.417813   0.409045
0.347516   0.271552   0.352056
0.302476   0.108718   0.258267
-0.0108928   0.0364633   0.0113392
0.242943   -0.45644   0.333484
0.359021   -0.0851771   -0.299567
-0.351618   -0.394662   0.281877
0.151705   -0.408941   0.28255
-0.0450889   0.0128957   0.100205
0.204205   -0.0766849   -0.0247595
0.439763   -0.373959   0.359107
0.156474   0.0755233   0.000342952
0.203977   0.22747   -0.0440486
0.150872   0.244121   0.406006
0.0187401   0.0199963   0.205982
0.389224   0.0965372   0.274766
-0.221357   0.395012   -0.327004
