0.344037   0.0224502   -0.376937
-0.321536   0.200537   0.143492
-0.0629674   0.052565   0.112174
0.376016   -0.125359   0.111736
-0.232317   0.139947   -0.437856
0.254404   0.382108   -0.497132
-0.31562   -0.468091   0.254504
-0.354059   -0.216266   -0.018459
-0.268701   -0.212464   -0.270689
0.405033   0.318698   -0.386562
-0.157126   0.198624   0.124279
-0.249483   0.39264   -0.189345
-0.0142964   -0.145383   0.33908
0.272196   0.453316   0.049592
0.383437   0.191342   -0.0820864
0.314977   0.217663   -0.353769
-0.330885   0.0716624   -0.395116
-0.269819   -0.0294485   -0.109551
0.203058   0.438546   -0.39247
0.159142   -0.498349   -0.201783
0.290979   -0.0281283   0.425282
0.211675   0.42706   -0.022
-0.198686   0.0574823   0.168635
0.291708   -0.147846   -0.283195
-0.445987   -0.101879   0.0582
0.0949069   0.0436418   -0.200101
-0.0713922   0.291184   0.435082
-0.368723   -0.303301   -0.0265756
-0.418512   -0.277568   -0.429392
-0.14026   -0.481786   0.0408145
0.301555   0.280274   -0.414196
-0.187346   0.0388035   -0.255513
-0.386435   0.169353   -0.0881351
-0.30569   -0.0426402   -0.387395
-0.468544   -0.173328   -0.310964
-0.224255   0.460452   -0.143854
-0.434649   0.470007   0.219901
-0.019581   0.21363   0.398282
-0.150886   -0.0560296   0.439752
0.200441   0.290847   0.499918
0.33284   0.0877216   -0.483407
-0.355276   0.123035   0.293974
0.496899   0.227155   0.0510695
-0.362749   -0.0760951   -0.308809
0.159878   -0.126626   -0.232673
0.350705   -0.152817   -0.207898
-0.00251282   -0.433317   0.472995
0.429349   -0.0347006   0.073295
-0.34074   0.486417   0.0722683
-0.457342   0.370311   0.119536
0.358817   0.000904501   0.473703
0.125481   -0.0932546   -0.355838
0.251214   0.481462   -0.0771216
0.438479   0.198274   -0.366359
-0.186668   -0.214086   -0.141248
-0.304625   0.142407   -0.108798
0.487255   0.406125   -0.404771
0.430104   0.0813601   0.44514
0.413997   -0.306986   -0.301606
-0.252085   0.214151   -0.383061
-0.379055   -0.454439   0.0386097
-0.112819   -0.478248   0.280595
0.144351   0.340087   -0.383573
0.417356   0.0385873   -0.152205
0.000385972   -0.00456897   0.352308
0.393426   -0.0250257   0.21846
0.442005   0.248512   -0.467823
-0.126217   0.0971379   -0.210991
0.490957   0.307217   0.488236
-0.119028   0.148932   0.0505954
0.278437   0.083471   0.459108
-0.163652   0.338135   0.429959
0.326367   0.469745   -0.368104
-0.048458   -0.166254   -0.18325
-0.00518889   -0.0759412   0.497657
-0.0822167   -0.101226   0.405037
-0.0265248   0.407972   -0.0868286
0.401706   -0.426451   -0.170855
0.220137   0.102786   -0.245036
0.234042   0.293602   0.230624
0.377158   -0.299087   0.281965
0.422656   -0.359453   -0.0881672
0.235125   -0.14063   -0.472496
0.492516   -0.272757   0.269081
-0.116172   -0.042729   0.0114835
0.120669   0.400323   -0.0603219
0.247032   -0.238217   -0.0523921
0.378639   0.0625967   0.121749
0.0399783   -0.28791   -0.0422017
0.206187   0.15867   -0.335779
0.0205771   0.345264   -0.0589237
0.11689   0.170647   0.121992
0.400426   0.0050658   0.331105
-0.204923   -0.0529589   -0.332759
-0.0411221   0.394597   -0.25406
-0.0855277   0.129522   0.127544
0.430494   0.499457   0.411442
0.132142   0.388377   -0.466702
-0.425882   -0.0934454   0.479113
0.232393   0.402254   -0.106573
-0.165025   0.446302   -0.365625
-0.0595645   -0.364395   0.471654
-0.281961   0.15956   -0.296929
0.198201   -0.0611797   0.0607297
0.408782   -0.341658   -0.494622
-0.282132   -0.107639   -0.311711
0.378876   -0.48919   -0.273391
-0.149669   0.124139   -0.400284
