0.344105   0.0224221   -0.376887
-0.321547   0.200527   0.143505
-0.0629948   0.0525998   0.112249
0.376033   -0.125312   0.11168
-0.232312   0.139863   -0.437858
0.254432   0.382149   -0.497065
-0.315706   -0.467976   0.254463
-0.354055   -0.216307   -0.0183934
-0.268727   -0.212548   -0.270622
0.405011   0.31871   -0.386612
-0.15717   0.198618   0.124173
-0.249499   0.392561   -0.189372
-0.0143188   -0.145351   0.339037
0.272246   0.453273   0.0496203
0.383407   0.191363   -0.0821532
0.314976   0.217678   -0.353796
-0.330923   0.0716196   -0.395109
-0.269865   -0.0294313   -0.109608
0.203067   0.438519   -0.392419
0.159067   -0.498274   -0.201785
0.290969   -0.0281667   0.425281
0.211689   0.427124   -0.022046
-0.198719   0.05749   0.168624
0.291718   -0.147835   -0.283144
-0.446073   -0.101812   0.0582475
0.0949174   0.0436257   -0.200023
-0.0713123   0.291175   0.434985
-0.368747   -0.303321   -0.0265857
-0.418533   -0.277611   -0.429345
-0.140181   -0.481782   0.0408461
0.301566   0.2803   -0.414088
-0.187319   0.0388097   -0.25551
-0.386401   0.169397   -0.0881656
-0.30568   -0.042622   -0.387402
-0.468548   -0.173372   -0.310964
-0.2242   0.460416   -0.143878
-0.434614   0.469945   0.219885
-0.019588   0.213641   0.398235
-0.150893   -0.0559571   0.439748
0.200388   0.290915   0.499926
0.332867   0.087734   -0.483407
-0.35529   0.122992   0.293945
0.496855   0.227157   0.0510478
-0.362744   -0.0761042   -0.308834
0.159885   -0.126581   -0.232659
0.350764   -0.152904   -0.20792
-0.00253716   -0.433341   0.472957
0.429333   -0.0347046   0.0732768
-0.340699   0.486435   0.0722736
-0.457322   0.370339   0.119463
0.358809   0.000898306   0.473735
0.125398   -0.0932205   -0.355889
0.251153   0.481428   -0.0770753
0.438541   0.198301   -0.366299
-0.186706   -0.214072   -0.141258
-0.30467   0.142444   -0.108773
0.487316   0.406116   -0.404768
0.430089   0.081318   0.44508
0.414027   -0.306875   -0.301666
-0.252032   0.214134   -0.383022
-0.379038   -0.454425   0.0385748
-0.112763   -0.478189   0.280594
0.144272   0.340058   -0.383623
0.417383   0.0385519   -0.152172
0.000404763   -0.00457974   0.352311
0.393449   -0.0249686   0.21851
0.441949   0.248468   -0.467869
-0.126225   0.0971864   -0.210994
0.490988   0.307244   0.48818
-0.118984   0.148933   0.0506478
0.27841   0.0834524   0.45909
-0.163642   0.338175   0.429923
0.326379   0.469715   -0.368104
-0.0484662   -0.166266   -0.183263
-0.00519719   -0.0759496   0.497633
-0.0822061   -0.101282   0.405076
-0.0265257   0.408022   -0.0868361
0.401761   -0.426428   -0.170864
0.220093   0.102707   -0.244984
0.234154   0.293596   0.230598
0.377116   -0.299063   0.281892
0.422685   -0.359412   -0.0881376
0.235143   -0.140652   -0.472442
0.492465   -0.272815   0.269076
-0.116173   -0.0427424   0.0115189
0.120648   0.400304   -0.0602831
0.247065   -0.238251   -0.05244
0.378655   0.0625573   0.121728
0.0399086   -0.287924   -0.042197
0.206211   0.158652   -0.335726
0.0206043   0.345238   -0.0588164
0.116878   0.170649   0.121956
0.400319   0.00509944   0.331129
-0.204858   -0.0529425   -0.332766
-0.0411068   0.394637   -0.254048
-0.0855158   0.129473   0.127546
0.430552   0.499418   0.41148
0.132106   0.388404   -0.466745
-0.425959   -0.0934285   0.479124
0.232453   0.402248   -0.106544
-0.165117   0.44631   -0.365645
-0.0596343   -0.364472   0.471638
-0.281927   0.159539   -0.29685
0.198192   -0.0611598   0.0606892
0.408844   -0.341619   -0.494563
-0.282082   -0.107577   -0.311696
0.378919   -0.48927   -0.273421
-0.149711   0.124176   -0.400289
