           1     7.61096     7.61096           0
           2     7.36077     7.48587    0.125094
           3     7.42115     7.46429   0.0753765
           4     7.24781     7.41017   0.0759592
           5     7.65934     7.46001    0.077106
           6      7.9244     7.53741   0.0997709
           7     7.81168     7.57659   0.0929808
           8     7.67777     7.58924    0.081511
           9     7.75406     7.60755    0.074182
          10     7.61533     7.60833   0.0663549
          11     7.48723     7.59732   0.0610216
          12     7.54452     7.59292   0.0558783
          13     7.86561     7.61389   0.0555159
          14     7.44942     7.60215   0.0527234
          15     7.82064     7.61671   0.0511987
          16     7.66644     7.61982   0.0479927
          17     7.57262     7.61704   0.0451668
          18     7.61834     7.61712   0.0425837
          19      7.4983     7.61086   0.0407627
          20     7.35546     7.59809   0.0407248
          21     7.67771     7.60188   0.0389221
          22     7.51324     7.59785   0.0373289
          23     7.64102     7.59973   0.0357184
          24     7.53872     7.59719   0.0342921
          25     7.32428     7.58627    0.034656
          26     7.34372     7.57694   0.0345786
          27     7.77783     7.58438   0.0340949
          28     7.48872     7.58097   0.0330318
          29      7.5472      7.5798   0.0318937
          30      7.4565     7.57569   0.0310852
          31     7.69628     7.57958   0.0303163
          32     7.78087     7.58587     0.03002
          33     7.63663     7.58741   0.0291368
          34      7.4498     7.58336   0.0285551
          35     7.87738     7.59176   0.0289719
          36     7.67723     7.59414   0.0282555
          37     7.35865     7.58777   0.0282086
          38      7.5153     7.58587   0.0275224
          39      7.5237     7.58427   0.0268548
          40      7.7341     7.58802   0.0264415
          41     7.42301     7.58399   0.0261007
          42     7.38665     7.57929   0.0259014
          43     7.60286     7.57984   0.0252978
          44     7.69153     7.58238   0.0248462
          45     7.65023     7.58389   0.0243345
          46     7.50743     7.58223   0.0238576
          47     7.67288     7.58416    0.023424
          48     7.83577      7.5894   0.0235223
          49     7.45244      7.5866   0.0232062
          50     7.49544     7.58478   0.0228103
