           1   -0.437095   -0.437095           0
           2   -0.403849   -0.420472   0.0166232
           3     -0.4199   -0.420282  0.00959929
           4   -0.416743   -0.419397  0.00684512
           5   -0.415537   -0.418625  0.00535812
           6   -0.411932   -0.417509  0.00451484
           7   -0.409095   -0.416307  0.00400062
           8   -0.422664   -0.417102  0.00355459
           9   -0.423484   -0.417811  0.00321406
          10   -0.427656   -0.418796  0.00303866
          11   -0.412578    -0.41823   0.0028061
          12   -0.406237   -0.417231  0.00274968
          13   -0.412439   -0.416862  0.00255605
          14   -0.402815   -0.415859  0.00257038
          15   -0.415714   -0.415849  0.00239291
          16   -0.412669   -0.415651  0.00224717
          17   -0.422845   -0.416074  0.00215285
          18   -0.416142   -0.416078  0.00202973
          19   -0.415492   -0.416047  0.00192018
          20   -0.408276   -0.415658  0.00186262
          21   -0.432592   -0.416464  0.00194658
          22   -0.425413   -0.416871  0.00190004
          23   -0.423284    -0.41715  0.00183683
          24    -0.41131   -0.416907  0.00177539
          25    -0.41892   -0.416987   0.0017048
          26   -0.429872   -0.417483  0.00171124
          27   -0.418977   -0.417538  0.00164757
          28   -0.421129   -0.417666  0.00159281
          29   -0.412699   -0.417495  0.00154642
          30   -0.424547    -0.41773  0.00151237
          31   -0.415813   -0.417668  0.00146408
          32   -0.417864   -0.417674   0.0014176
          33   -0.416147   -0.417628  0.00137475
          34   -0.400842   -0.417134  0.00142215
          35   -0.412212   -0.416994  0.00138806
          36   -0.426436   -0.417256  0.00137422
          37   -0.422785   -0.417405  0.00134488
          38   -0.418493   -0.417434  0.00130933
          39   -0.412105   -0.417297  0.00128261
          40   -0.406682   -0.417032    0.001278
          41   -0.418088   -0.417058   0.0012467
          42   -0.424578   -0.417237  0.00122976
          43   -0.408732   -0.417039    0.001217
          44   -0.412646   -0.416939  0.00119321
          45   -0.403063   -0.416631  0.00120646
          46   -0.420703   -0.416719  0.00118326
          47   -0.421629   -0.416824  0.00116251
          48   -0.404557   -0.416568  0.00116637
          49   -0.409151   -0.416417  0.00115231
          50   -0.419463   -0.416478  0.00113067
