           1   -0.428724   -0.428724           0
           2   -0.396497   -0.412611   0.0161138
           3   -0.395832   -0.407018    0.010855
           4   -0.380683   -0.400434   0.0101124
           5   -0.406775   -0.401702  0.00793502
           6   -0.408228    -0.40279  0.00656956
           7   -0.407753   -0.403499  0.00559737
           8   -0.427459   -0.406494   0.0056981
           9   -0.398793   -0.405638  0.00509757
          10   -0.408693   -0.405944  0.00456962
          11   -0.387765   -0.404291   0.0044515
          12   -0.379136   -0.402195  0.00457246
          13   -0.369612   -0.399688  0.00489622
          14   -0.399179   -0.399652  0.00453316
          15   -0.370056   -0.397679  0.00465862
          16   -0.392396   -0.397349  0.00437023
          17   -0.416245    -0.39846  0.00425294
          18   -0.424715   -0.399919  0.00426676
          19   -0.407868   -0.400337  0.00405758
          20    -0.42536   -0.401588  0.00404758
          21   -0.377865   -0.400459  0.00401233
          22   -0.426481   -0.401642   0.0040043
          23   -0.364676   -0.400034  0.00415009
          24   -0.385623   -0.399434  0.00401852
          25   -0.385338    -0.39887  0.00389546
          26   -0.394549   -0.398704  0.00374632
          27   -0.366518   -0.397512  0.00379688
          28   -0.403287   -0.397718  0.00366457
          29    -0.39978   -0.397789  0.00353667
          30   -0.385075   -0.397365  0.00344293
          31   -0.411101   -0.397808  0.00335937
          32   -0.400878   -0.397904  0.00325411
          33   -0.386328   -0.397554   0.0031734
          34   -0.372896   -0.396828  0.00316292
          35   -0.341905   -0.395259  0.00344889
          36   -0.338559   -0.393684  0.00370333
          37   -0.343252   -0.392321  0.00385113
          38   -0.340603    -0.39096  0.00398785
          39   -0.372664   -0.390491  0.00391248
          40   -0.331725   -0.389022  0.00408663
          41   -0.371032   -0.388583  0.00400978
          42   -0.350957   -0.387687  0.00401438
          43   -0.352693   -0.386873   0.0040035
          44    -0.38851   -0.386911  0.00391163
          45    -0.38427   -0.386852  0.00382417
          46   -0.373393   -0.386559  0.00375154
          47   -0.373243   -0.386276  0.00368177
          48   -0.373591   -0.386012  0.00361393
          49   -0.369424   -0.385673  0.00355556
          50   -0.426134   -0.386482  0.00357647
