           1     -7.5967     -7.5967           0
           2    -7.62339    -7.61004   0.0133465
           3    -7.60387    -7.60798  0.00797586
           4    -7.59594    -7.60497   0.0063931
           5    -7.60332    -7.60464  0.00496312
           6    -7.60155    -7.60413  0.00408493
           7    -7.62855    -7.60762   0.0049083
           8    -7.62824    -7.61019  0.00497115
           9    -7.62626    -7.61198  0.00473373
          10    -7.57656    -7.60844  0.00552007
          11    -7.61743    -7.60926  0.00505957
          12    -7.59278    -7.60788  0.00481854
          13    -7.61022    -7.60806  0.00443607
          14    -7.59166    -7.60689  0.00427086
          15    -7.65077    -7.60982  0.00493628
          16    -7.54777    -7.60594  0.00603001
          17    -7.64876    -7.60846  0.00619911
          18    -7.58973    -7.60742  0.00593644
          19    -7.59126    -7.60657  0.00567931
          20    -7.57287    -7.60488  0.00564521
          21     -7.6566    -7.60734  0.00590741
          22    -7.56989    -7.60564  0.00588412
          23    -7.61415    -7.60601  0.00563463
          24    -7.60931    -7.60615   0.0053965
          25    -7.56077    -7.60433  0.00548519
          26    -7.64591    -7.60593  0.00550727
          27    -7.61624    -7.60631  0.00531309
          28     -7.5758    -7.60522  0.00523452
          29    -7.64043    -7.60644  0.00519463
          30     -7.5684    -7.60517  0.00517618
          31    -7.60657    -7.60522  0.00500663
          32    -7.64148    -7.60635  0.00497836
          33    -7.58832     -7.6058  0.00485598
          34    -7.61479    -7.60607   0.0047184
          35    -7.59886    -7.60586  0.00458623
          36     -7.5907    -7.60544  0.00447686
          37    -7.60616    -7.60546  0.00435422
          38    -7.60465    -7.60544  0.00423814
          39    -7.61231    -7.60561   0.0041318
          40    -7.62246    -7.60604  0.00404914
          41     -7.5387    -7.60439  0.00427699
          42    -7.64029    -7.60525  0.00426054
          43    -7.61674    -7.60552  0.00416886
          44    -7.57396     -7.6048  0.00413565
          45    -7.61903    -7.60511  0.00405506
          46    -7.67186    -7.60657  0.00422301
          47    -7.54152    -7.60518  0.00435775
          48    -7.66016    -7.60633  0.00441709
          49    -7.59513     -7.6061  0.00433204
          50    -7.60632     -7.6061  0.00424452
