           1   0.0471461   0.0471461           0
           2   0.0477611   0.0474536 0.000307512
           3   0.0493229   0.0480767 0.000647906
           4   0.0484464   0.0481691 0.000467372
           5   0.0494555   0.0484264 0.000444131
           6   0.0482298   0.0483936 0.000364109
           7   0.0492868   0.0485212 0.000333133
           8   0.0471191    0.048346 0.000337566
           9   0.0497332   0.0485001  0.00033524
          10   0.0488457   0.0485346 0.000301832
          11   0.0493629   0.0486099 0.000283209
          12   0.0487221   0.0486193 0.000258702
          13   0.0489637   0.0486458 0.000239442
          14   0.0489151    0.048665 0.000222513
          15   0.0495167   0.0487218 0.000214788
          16   0.0493421   0.0487606 0.000204623
          17   0.0500029   0.0488336 0.000205634
          18   0.0496414   0.0488785    0.000199
          19   0.0493013   0.0489008 0.000189546
          20   0.0488497   0.0488982 0.000179837
          21   0.0477554   0.0488438 0.000179506
          22   0.0495846   0.0488775 0.000174434
          23   0.0494396   0.0489019  0.00016846
          24   0.0494728   0.0489257 0.000163032
          25   0.0481471   0.0488946 0.000159446
          26   0.0481859   0.0488673 0.000155597
          27   0.0482747   0.0488454 0.000151323
          28   0.0493573   0.0488636 0.000146961
          29   0.0500333    0.048904 0.000147427
          30   0.0488067   0.0489007 0.000142465
          31   0.0490988   0.0489071 0.000137941
          32   0.0484029   0.0488914 0.000134487
          33   0.0491284   0.0488985 0.000130545
          34   0.0493701   0.0489124 0.000127405
          35   0.0485514   0.0489021  0.00012414
          36   0.0492439   0.0489116 0.000121016
          37   0.0485152   0.0489009 0.000118186
          38   0.0495235   0.0489173 0.000116195
          39   0.0502589   0.0489517 0.000118289
          40   0.0485291   0.0489411 0.000115777
          41   0.0494884   0.0489544 0.000113704
          42   0.0478816   0.0489289 0.000113866
          43   0.0502708   0.0489601 0.000115483
          44   0.0490149   0.0489614 0.000112835
          45   0.0494606   0.0489725 0.000110855
          46    0.048571   0.0489637 0.000108769
          47   0.0502697   0.0489915 0.000109998
          48   0.0485295   0.0489819 0.000108111
          49   0.0492112   0.0489866 0.000105985
          50   0.0486174   0.0489792 0.000104106
