           1      7.3072      7.3072           0
           2     7.17877     7.24298   0.0642111
           3     7.29485     7.26027   0.0409048
           4     7.32138     7.27555   0.0327106
           5     7.27119     7.27468   0.0253525
           6     7.29887     7.27871   0.0210892
           7     7.14747     7.25996   0.0258688
           8      7.1468     7.24582   0.0264945
           9     7.14343     7.23444    0.025988
          10     7.44273     7.25527   0.0312112
          11     7.21066     7.25121   0.0285214
          12     7.32727     7.25755   0.0267967
          13     7.24184     7.25634    0.024679
          14     7.37037     7.26449   0.0242566
          15      7.0516     7.25029   0.0266714
          16     7.59614     7.27191   0.0330102
          17     7.02355      7.2573    0.034277
          18     7.34721      7.2623   0.0327004
          19     7.36041     7.26746   0.0313596
          20     7.37964     7.27307   0.0302744
          21     6.95808     7.25807    0.032469
          22     7.45069     7.26682   0.0321723
          23     7.22304     7.26492   0.0308006
          24     7.23804      7.2638   0.0295106
          25     7.50795     7.27357    0.029943
          26     7.04721     7.26486   0.0300568
          27     7.19231     7.26217   0.0290467
          28     7.42961     7.26815   0.0286218
          29     7.06578     7.26118   0.0284852
          30     7.46965     7.26812   0.0283831
          31     7.25885     7.26783   0.0274539
          32     7.08617     7.26215   0.0271816
          33     7.36173     7.26517   0.0265173
          34     7.21995     7.26384   0.0257599
          35     7.27844     7.26425   0.0250166
          36     7.35368     7.26674   0.0244383
          37     7.25153     7.26633   0.0237722
          38     7.27257     7.26649   0.0231387
          39     7.23277     7.26563   0.0225542
          40     7.18492     7.26361   0.0220755
          41     7.65799     7.27323   0.0235814
          42     7.04747     7.26785   0.0236325
          43     7.23242     7.26703   0.0230911
          44     7.43337     7.27081   0.0228747
          45     7.17261     7.26863   0.0224669
          46     6.90783     7.26078    0.023331
          47     7.61864      7.2684   0.0240654
          48      6.9405     7.26157   0.0245291
          49      7.3206     7.26277   0.0240535
          50      7.2738     7.26299   0.0235685
