0           0           0
0.064633           0           0
0.129266           0           0
0.193899           0           0
0.258532           0           0
0.323165           0           0
0.387798           0           0
0.452431           0           0
0.517064           0           0
0.581697           0           0
0.64633           0           0
0.710963           0           0
0.775596           0           0
0.84023  0.00159649 0.000426679
0.904863    0.197629  0.00415733
0.969496     1.43249   0.0139164
1.03413     2.72533   0.0223941
1.09876     3.05267   0.0225345
1.16339     2.77944   0.0189616
1.22803     2.44958    0.016398
1.29266     2.19106   0.0164365
1.35729     1.96097   0.0137262
1.42193     1.77085  0.00883854
1.48656      1.6947   0.0105176
1.55119     1.59411  0.00793965
1.61583     1.53726  0.00945904
1.68046     1.47589  0.00892824
1.74509     1.45729   0.0089095
1.80973      1.4448  0.00902733
1.87436     1.43373  0.00709481
1.93899      1.4234  0.00592858
2.00362     1.41042  0.00808474
2.06826     1.41416  0.00561536
2.13289     1.41382  0.00582931
2.19752     1.40003  0.00637155
2.26216       1.395  0.00556824
2.32679     1.37068  0.00485341
2.39142     1.38868  0.00557359
2.45606     1.37371  0.00536261
2.52069      1.3613  0.00497195
2.58532     1.35817  0.00609205
2.64995     1.35601  0.00463684
2.71459      1.3499   0.0045791
2.77922     1.34531  0.00498485
2.84385     1.34007  0.00484217
2.90849     1.34358  0.00441112
2.97312     1.33912  0.00340076
3.03775     1.33678  0.00409147
3.10239     1.33283  0.00378568
3.16702     1.32906  0.00422359
3.23165     1.33432  0.00448145
3.29629     1.32957  0.00347723
3.36092     1.32115  0.00343427
3.42555     1.32441  0.00405926
3.49018     1.32718  0.00321213
3.55482     1.32616  0.00376694
3.61945     1.32347  0.00329221
3.68408     1.32473  0.00338834
3.74872     1.32373   0.0029166
3.81335     1.32371  0.00259389
3.87798      1.3202  0.00332774
3.94262     1.32125  0.00333008
4.00725     1.31913  0.00294382
4.07188      1.3182    0.002751
4.13651     1.31245  0.00288704
4.20115     1.31672  0.00314209
4.26578     1.31799  0.00288006
4.33041     1.32431  0.00325117
4.39505     1.31732  0.00270424
4.45968     1.31822  0.00277577
4.52431     1.31889  0.00283137
4.58895     1.31397  0.00259518
4.65358     1.31463  0.00253958
4.71821     1.31518  0.00246001
4.78285     1.31512  0.00271713
4.84748     1.31764  0.00233249
4.91211     1.31764  0.00216839
4.97674     1.31584  0.00244678
5.04138     1.31585  0.00236493
5.10601     1.31727  0.00254692
5.17064     1.32188  0.00238558
5.23528     1.31859  0.00234346
5.29991     1.31422  0.00242533
5.36454      1.3114  0.00207927
5.42918     1.31779  0.00219898
5.49381     1.31677  0.00252024
5.55844      1.3146   0.0020728
5.62307     1.31818  0.00220264
5.68771     1.31468  0.00210776
5.75234     1.31682  0.00207938
5.81697     1.31492  0.00216939
5.88161      1.3089  0.00184774
5.94624      1.3178  0.00190697
6.01087     1.31423  0.00204551
6.07551     1.31457  0.00231212
6.14014     1.31761  0.00220959
6.20477     1.31159  0.00202842
6.2694     1.31254  0.00189374
6.33404     1.31493  0.00204489
6.39867      1.3179  0.00170506
