0           0           0
0.064633           0           0
0.129266           0           0
0.193899           0           0
0.258532           0           0
0.323165           0           0
0.387798           0           0
0.452431           0           0
0.517064           0           0
0.581697           0           0
0.64633           0           0
0.710963           0           0
0.775596           0           0
0.84023           0           0
0.904863    0.200812   0.0273333
0.969496     1.42032    0.100265
1.03413     2.52187    0.118928
1.09876     2.59708   0.0941766
1.16339     2.55802   0.0987916
1.22803      2.2388   0.0963541
1.29266      2.1395   0.0776539
1.35729     1.87185   0.0811486
1.42193     1.78019   0.0841655
1.48656     1.67193   0.0711279
1.55119     1.56438   0.0533891
1.61583     1.40955   0.0526545
1.68046     1.34556   0.0586406
1.74509     1.27355   0.0486773
1.80973     1.28725     0.05022
1.87436     1.34338   0.0448639
1.93899     1.25734   0.0450061
2.00362     1.31853   0.0384208
2.06826     1.33293     0.04088
2.13289     1.31858   0.0444863
2.19752     1.19688   0.0396224
2.26216     1.25417   0.0341348
2.32679     1.29327   0.0421614
2.39142     1.34879   0.0357561
2.45606     1.31906   0.0307903
2.52069     1.31553   0.0315854
2.58532     1.31174   0.0309839
2.64995     1.34287   0.0354046
2.71459     1.30809   0.0377216
2.77922      1.3393   0.0309438
2.84385     1.36368   0.0352324
2.90849     1.42965   0.0323274
2.97312     1.39063   0.0316039
3.03775     1.35425   0.0264846
3.10239      1.3427   0.0216883
3.16702     1.34792   0.0284298
3.23165     1.35465   0.0295579
3.29629     1.40172   0.0256377
3.36092     1.38521   0.0231814
3.42555     1.35563   0.0253438
3.49018     1.36212   0.0234689
3.55482     1.33016   0.0244992
3.61945     1.32935   0.0243924
3.68408     1.30386   0.0216047
3.74872     1.33032   0.0243781
3.81335     1.30266   0.0215126
3.87798     1.33716   0.0200715
3.94262     1.37131   0.0199405
4.00725     1.32781   0.0200289
4.07188     1.31485   0.0257775
4.13651     1.30208   0.0226226
4.20115      1.3134   0.0196443
4.26578     1.33918   0.0245401
4.33041      1.3456   0.0215601
4.39505     1.35139     0.02108
4.45968     1.34068   0.0211028
4.52431     1.33594   0.0189232
4.58895     1.33299   0.0204809
4.65358     1.34844   0.0176588
4.71821     1.34745   0.0174449
4.78285     1.32136   0.0158496
4.84748      1.3408   0.0193437
4.91211     1.37079   0.0196084
4.97674     1.33097   0.0156291
5.04138     1.34448   0.0146311
5.10601     1.30948   0.0141291
5.17064     1.32089   0.0164844
5.23528     1.32443   0.0150847
5.29991     1.35473   0.0165978
5.36454     1.33762   0.0152219
5.42918     1.32438    0.017267
5.49381     1.29857   0.0176948
5.55844      1.3255   0.0165363
5.62307     1.35527   0.0150823
5.68771     1.36469   0.0147175
5.75234     1.35737   0.0136131
5.81697     1.31377   0.0163971
5.88161     1.31909   0.0143999
5.94624     1.34177   0.0140307
6.01087     1.33841   0.0153828
6.07551     1.33927   0.0174062
6.14014     1.33685   0.0154075
6.20477      1.3461   0.0134662
6.2694     1.32457   0.0156344
6.33404     1.31678   0.0119903
6.39867     1.31352   0.0137295
