           1    -7.54311    -7.54311           0
           2     -7.5905     -7.5668   0.0236981
           3    -7.57677    -7.57013   0.0140795
           4    -7.60835    -7.57968   0.0137996
           5    -7.53572    -7.57089   0.0138406
           6    -7.48679    -7.55687   0.0180043
           7     -7.5062    -7.54963   0.0168505
           8    -7.52951    -7.54712   0.0148082
           9    -7.51783    -7.54386    0.013459
          10    -7.54159    -7.54364   0.0120402
          11    -7.56493    -7.54557   0.0110615
          12    -7.55604    -7.54644   0.0101353
          13     -7.4966    -7.54261   0.0100808
          14    -7.57356    -7.54482  0.00959118
          15    -7.50534    -7.54219  0.00930873
          16    -7.53281     -7.5416  0.00872723
          17    -7.54913    -7.54205  0.00820975
          18    -7.54068    -7.54197   0.0077406
          19    -7.56318    -7.54309  0.00740651
          20    -7.58964    -7.54541  0.00740191
          21    -7.53137    -7.54475  0.00707232
          22    -7.55961    -7.54542  0.00677698
          23    -7.53474    -7.54496  0.00649225
          24    -7.55539    -7.54539  0.00623105
          25    -7.59539    -7.54739  0.00630236
          26    -7.59349    -7.54916  0.00630935
          27    -7.51122    -7.54776   0.0062317
          28    -7.56394    -7.54834  0.00603276
          29    -7.55473    -7.54856  0.00582519
          30    -7.57089     -7.5493  0.00567668
          31     -7.5287    -7.54864   0.0055306
          32    -7.50962    -7.54742  0.00549202
          33    -7.53676    -7.54709  0.00533278
          34    -7.57287    -7.54785  0.00522882
          35    -7.49541    -7.54635  0.00529373
          36    -7.53074    -7.54592  0.00516283
          37    -7.58705    -7.54703   0.0051429
          38    -7.55842    -7.54733  0.00501469
          39    -7.55999    -7.54766   0.0048952
          40    -7.52118    -7.54699  0.00481694
          41    -7.57794    -7.54775  0.00475823
          42    -7.58421    -7.54862    0.004724
          43    -7.54518    -7.54854  0.00461353
          44    -7.52882    -7.54809  0.00452967
          45    -7.53727    -7.54785   0.0044344
          46    -7.56188    -7.54815  0.00434763
          47    -7.53198    -7.54781  0.00426803
          48    -7.50331    -7.54688  0.00427977
          49    -7.57172    -7.54739  0.00422206
          50    -7.56281     -7.5477  0.00414823
