0           0           0
0.0230664           0           0
0.0461329           0           0
0.0691993           0           0
0.0922657           0           0
0.115332           0           0
0.138399           0           0
0.161465           0           0
0.184531           0           0
0.207598           0           0
0.230664           0           0
0.253731           0           0
0.276797           0           0
0.299864           0           0
0.32293           0           0
0.345996           0           0
0.369063           0           0
0.392129           0           0
0.415196           0           0
0.438262           0           0
0.461329           0           0
0.484395           0           0
0.507461           0           0
0.530528           0           0
0.553594           0           0
0.576661           0           0
0.599727           0           0
0.622794           0           0
0.64586           0           0
0.668926           0           0
0.691993           0           0
0.715059           0           0
0.738126           0           0
0.761192           0           0
0.784259           0           0
0.807325           0           0
0.830391           0           0
0.853458           0           0
0.876524 5.89124e-05 3.02146e-05
0.899591  0.00535422 0.000374124
0.922657   0.0642403  0.00152709
0.945724    0.388556  0.00425056
0.96879     1.34326  0.00845336
0.991856     2.98307     0.01186
1.01492     4.83523  0.00905991
1.03799     6.14616   0.0100358
1.06106     6.51928   0.0146362
1.08412      5.9984   0.0134859
1.10719     4.87444    0.013917
1.13026     3.59731  0.00854427
1.15332     2.43745  0.00600157
1.17639     1.51565  0.00524215
1.19945    0.874936  0.00528243
1.22252    0.468654  0.00424707
1.24559    0.234509  0.00342475
1.26865    0.116708  0.00245046
1.29172    0.061714  0.00173398
1.31479   0.0536389   0.0015471
1.33785   0.0805318  0.00192959
1.36092    0.140702  0.00214692
1.38399    0.247963   0.0027746
1.40705    0.402857  0.00276045
1.43012    0.606406  0.00275329
1.45319    0.839573  0.00236995
1.47625     1.06424  0.00302248
1.49932     1.22644  0.00480374
1.52238      1.2882  0.00585575
1.54545     1.23743  0.00549879
1.56852     1.07682  0.00381723
1.59158    0.850053   0.0021378
1.61465    0.622873   0.0022784
1.63772    0.425021  0.00306402
1.66078    0.295181  0.00345559
1.68385    0.256875  0.00358749
1.70692      0.3405  0.00425795
1.72998    0.572873  0.00523237
1.75305    0.994787  0.00540444
1.77612      1.5956  0.00553346
1.79918     2.29649  0.00395098
1.82225     2.99219  0.00538446
1.84531     3.46585   0.0086419
1.86838     3.62203   0.0110387
1.89145     3.41297   0.0109105
1.91451     2.91038  0.00790911
1.93758      2.2571  0.00316105
1.96065      1.5995  0.00385658
1.98371     1.06432  0.00483095
2.00678    0.718786  0.00576599
2.02985    0.575378  0.00584241
2.05291    0.611625  0.00521132
2.07598    0.779075  0.00357624
2.09905     1.01023  0.00241857
2.12211     1.22618   0.0029942
2.14518     1.35801  0.00414656
2.16824      1.3645  0.00446481
2.19131     1.22813  0.00417751
2.21438     1.04391  0.00214839
2.23744    0.874976  0.00293696
2.26051    0.763659  0.00493695
2.28358    0.762944  0.00580839
