0           0           0
0.0230664           0           0
0.0461329           0           0
0.0691993           0           0
0.0922657           0           0
0.115332           0           0
0.138399           0           0
0.161465           0           0
0.184531           0           0
0.207598           0           0
0.230664           0           0
0.253731           0           0
0.276797           0           0
0.299864           0           0
0.32293           0           0
0.345996           0           0
0.369063           0           0
0.392129           0           0
0.415196           0           0
0.438262           0           0
0.461329           0           0
0.484395           0           0
0.507461           0           0
0.530528           0           0
0.553594           0           0
0.576661           0           0
0.599727           0           0
0.622794           0           0
0.64586           0           0
0.668926           0           0
0.691993           0           0
0.715059           0           0
0.738126           0           0
0.761192           0           0
0.784259           0           0
0.807325           0           0
0.830391           0           0
0.853458           0           0
0.876524           0           0
0.899591  0.00483185  0.00126535
0.922657   0.0449594  0.00320022
0.945724    0.339052  0.00951075
0.96879     1.19457   0.0168992
0.991856     2.82647   0.0335214
1.01492     4.86131   0.0400653
1.03799     6.29342   0.0319566
1.06106     6.71696   0.0478021
1.08412     6.13782   0.0376936
1.10719      4.9826   0.0426636
1.13026     3.62394   0.0286944
1.15332       2.365   0.0234934
1.17639      1.4491   0.0220264
1.19945    0.830517   0.0122729
1.22252    0.427771   0.0104428
1.24559    0.212547  0.00797877
1.26865   0.0988332  0.00564729
1.29172    0.055176  0.00413826
1.31479   0.0461731   0.0031285
1.33785   0.0631632  0.00531995
1.36092     0.11222  0.00575096
1.38399    0.218494  0.00708632
1.40705    0.371676  0.00935206
1.43012    0.589725  0.00945902
1.45319     0.83579   0.0108347
1.47625     1.07808   0.0129179
1.49932     1.27876   0.0160412
1.52238     1.37985   0.0160023
1.54545      1.2913   0.0133359
1.56852     1.09135   0.0132749
1.59158    0.844641   0.0106395
1.61465    0.616156  0.00859909
1.63772    0.400437  0.00722115
1.66078     0.26558  0.00714176
1.68385    0.215814  0.00812469
1.70692    0.289397  0.00842123
1.72998    0.530848   0.0107696
1.75305    0.963491   0.0130131
1.77612     1.57211   0.0117149
1.79918     2.31526   0.0149192
1.82225     3.02477   0.0189455
1.84531     3.53656    0.019202
1.86838     3.68268   0.0244781
1.89145     3.47976   0.0224197
1.91451     2.93841   0.0217406
1.93758     2.25953    0.014486
1.96065     1.56916   0.0113099
1.98371     1.03949   0.0121839
2.00678    0.688587   0.0124183
2.02985    0.535784   0.0109982
2.05291    0.585588  0.00992616
2.07598    0.757178  0.00797532
2.09905     1.02043  0.00829264
2.12211     1.25839  0.00846577
2.14518     1.37762   0.0113419
2.16824      1.3504  0.00881304
2.19131     1.23761  0.00951485
2.21438     1.05383  0.00938519
2.23744     0.84793  0.00873782
2.26051    0.722039   0.0092955
2.28358    0.713405   0.0106724
