           1   0.0540893   0.0540893           0
           2   0.0646074   0.0593483  0.00525905
           3   0.0551114    0.057936   0.0033487
           4   0.0517788   0.0563967  0.00282425
           5   0.0385257   0.0528225  0.00419056
           6    0.045365   0.0515796  0.00364033
           7   0.0568599   0.0523339  0.00316777
           8   0.0505268    0.052108  0.00275265
           9   0.0509893   0.0519837  0.00243079
          10   0.0412016   0.0509055  0.00242683
          11   0.0450878   0.0503766  0.00225797
          12   0.0461554   0.0500249  0.00209103
          13    0.046048    0.049719  0.00194765
          14   0.0357125   0.0487185  0.00206212
          15   0.0541837   0.0490828    0.001954
          16   0.0528879   0.0493207  0.00184321
          17   0.0447028    0.049049  0.00175257
          18   0.0469948   0.0489349  0.00165628
          19   0.0563809   0.0493268  0.00161495
          20   0.0484769   0.0492843  0.00153267
          21   0.0558051   0.0495948  0.00149056
          22   0.0394002   0.0491314  0.00149483
          23    0.064924   0.0498181  0.00158483
          24   0.0548202   0.0500265   0.0015316
          25   0.0524929   0.0501251  0.00147237
          26   0.0511694   0.0501653  0.00141518
          27   0.0635951   0.0506627  0.00144975
          28   0.0485037   0.0505856  0.00139914
          29   0.0529095   0.0506657  0.00135241
          30   0.0610947   0.0510134  0.00135201
          31   0.0511042   0.0510163  0.00130767
          32    0.053148   0.0510829   0.0012679
          33   0.0525275   0.0511267  0.00122966
          34   0.0457497   0.0509685  0.00120338
          35   0.0470523   0.0508566  0.00117384
          36   0.0444126   0.0506776  0.00115472
          37   0.0475627   0.0505935  0.00112623
          38   0.0568673   0.0507586  0.00110856
          39   0.0490981    0.050716   0.0010806
          40   0.0612971   0.0509805  0.00108595
          41   0.0434162    0.050796  0.00107508
          42   0.0516725   0.0508169  0.00104938
          43   0.0591766   0.0510113  0.00104296
          44   0.0463427   0.0509052  0.00102449
          45   0.0487275   0.0508568  0.00100264
          46   0.0503589    0.050846 0.000980657
          47   0.0416874   0.0506511 0.000979151
          48   0.0408919   0.0504478 0.000979861
          49   0.0476229   0.0503901 0.000961386
          50   0.0406575   0.0501955 0.000961864
